att1_att_oob,att1_att_term,att1_attacker_hit,att1_collided,att1_def_oob,att1_def_term,att1_delta_v_att_max,att1_delta_v_att_mean,att1_delta_v_att_total,att1_delta_v_def_max,att1_delta_v_def_mean,att1_delta_v_def_total,att1_kf_att_def_meas_count,att1_kf_att_def_meas_fraction,att1_kf_att_def_meas_innov_sq_max,att1_kf_att_def_meas_innov_sq_mean,att1_kf_att_def_pos_err_final,att1_kf_att_def_pos_err_max,att1_kf_att_def_pos_err_mean,att1_kf_att_def_pos_err_rms,att1_kf_att_def_trPpos_final,att1_kf_att_def_trPpos_mean,att1_kf_def_att_meas_count,att1_kf_def_att_meas_fraction,att1_kf_def_att_meas_innov_sq_max,att1_kf_def_att_meas_innov_sq_mean,att1_kf_def_att_pos_err_final,att1_kf_def_att_pos_err_max,att1_kf_def_att_pos_err_mean,att1_kf_def_att_pos_err_rms,att1_kf_def_att_trPpos_final,att1_kf_def_att_trPpos_mean,att1_kf_enabled_rollout,att1_min_att_center,att1_min_rel_dist,att1_oi_viol_att,att1_oi_viol_def,att1_pass,att1_rollout_num_steps,att1_rollout_setup_sec,att1_rollout_setup_sec_per_step,att1_rollout_simulation_sec,att1_rollout_simulation_sec_per_step,att1_rollout_total_sec,att1_rollout_total_sec_per_step,att1_success_mode,att1_t_att_hit,att1_t_att_term,att1_t_collide,att1_t_def_term,att1_t_min_att_center,att1_t_min_rel,att1_t_oi_viol_att,att1_t_oi_viol_def,att1_uatt_max,att1_uatt_mean,att1_udef_max,att1_udef_mean,att1_vx,att1_vy,att1_vz,att1_x,att1_y,att1_z,att_idx,cfg_dt,cfg_umax,def_idx,def_vx,def_vy,def_vz,def_x,def_y,def_z,eval_seed,grid_mode,kf_cfg_accel_std0,kf_cfg_action_meas_std,kf_cfg_init_mean_accel_std,kf_cfg_init_mean_pos_std,kf_cfg_init_mean_vel_std,kf_cfg_init_pos_std,kf_cfg_init_vel_std,kf_cfg_pos_std0,kf_cfg_sigma_az,kf_cfg_sigma_el,kf_cfg_vel_std0,num_att_errors,num_attackers,outcome_label,pass_trial,seed,trial,trial_att_oob_any,trial_att_term_any,trial_attacker_hit_any,trial_collided_any,trial_def_oob_any,trial_def_term_any,trial_delta_v_att_max,trial_delta_v_att_mean,trial_delta_v_att_total,trial_delta_v_def_max,trial_delta_v_def_mean,trial_delta_v_def_total,trial_min_att_center,trial_min_rel_dist,trial_oi_viol_att_any,trial_oi_viol_def_any,trial_rollout_error_any,trial_rollout_num_steps,trial_rollout_setup_sec,trial_rollout_setup_sec_per_step,trial_rollout_simulation_sec,trial_rollout_simulation_sec_per_step,trial_rollout_total_sec,trial_rollout_total_sec_per_step,trial_success_mode,trial_t_att_hit,trial_t_att_term,trial_t_collide,trial_t_def_term,trial_t_oi_viol_att,trial_t_oi_viol_def,trial_uatt_mean,trial_udef_mean
0,0,0,0,0,0,0.0847226006352442,0.04877371791310992,1.219342947827748,0.08520563968409711,0.06355464579080472,1.588866144770118,25,1.0,0.0005745935550510964,0.00017367485383349224,0.9225014599675176,0.9225014599675176,0.3401331253196872,0.4137735303610201,1.0097617885456556,3.3267263697345486,25,1.0,0.0006984792704915251,0.00020333346486866427,0.24145179230727662,1.388879815933648,0.4225817722520077,0.5292821976227409,1.024562560638588,3.311539606767596,1,10.339437967219613,10.797876637250393,0,0,0,25,0.00552026997320354,0.0002208107989281416,0.09497694205492735,0.003799077682197094,0.10049721202813089,0.004019888481125235,zero_sum_capture,-1,-1,-1,-1,25,25,-1,-1,0.8472260063524419,0.4877371791310992,0.8520563968409711,0.6355464579080473,0.249415979335871,0.528836720369847,0.6939924480408912,-11.884549201509543,1.1213083162537552,-1.2248093471226678,113,0.1,0.5,16,0.08412509751093045,0.7026820261723765,0.8780584917920371,1.5409992759505766,-0.255204063195616,-3.6824166138078733,23,cartesian+auto_shell,2.0,0.02707514162144604,0.0,0.0,0.0,4.0,0.01,2.0,0.008726646259971648,0.008726646259971648,0.01,0,1,timeout_no_capture,0,23,23,0,0,0,0,0,0,0.0847226006352442,0.04877371791310992,1.219342947827748,0.08520563968409711,0.06355464579080472,1.588866144770118,10.339437967219613,10.797876637250393,0,0,0,25.0,0.00552026997320354,0.0002208107989281416,0.09497694205492735,0.003799077682197094,0.10049721202813089,0.004019888481125235,zero_sum_capture,-1,-1,-1,-1,-1,-1,0.4877371791310992,0.6355464579080473
0,0,0,0,0,0,0.08658331046111338,0.05045703942895029,1.8164534194422104,0.0866004635880736,0.06547857248608413,2.3572286094990287,36,1.0,0.0006051707484381375,0.00017411715546112195,0.08078562462158329,1.0604813448612682,0.2894638761476159,0.4105341045721418,0.9665858504314468,2.3199236736224904,36,1.0,0.0004385093525695507,0.000120672000622465,1.8142779221801706,1.8142779221801706,0.8472720531464591,1.017241694387875,1.253946482956416,2.461016979567218,1,7.637799497129085,8.412304872948027,0,0,0,36,0.005563555983826518,0.00015454322177295884,0.13639317802153528,0.003788699389487091,0.1419567340053618,0.00394324261126005,zero_sum_capture,-1,-1,-1,-1,36,36,-1,-1,0.8658331046111337,0.504570394289503,0.866004635880736,0.6547857248608412,0.4993709610170187,-0.5425670538871608,-0.08368743513906662,-9.880867671572783,-4.142441419088824,5.404501193106096,100,0.1,0.5,27,0.2819508129363151,0.12128911156191968,-0.8147185761909554,2.3084608217486458,3.2626403641915216,-0.16182239770741935,66,cartesian+auto_shell,2.0,0.026102615100754442,0.0,0.0,0.0,4.0,0.01,2.0,0.008726646259971648,0.008726646259971648,0.01,0,1,timeout_no_capture,0,66,66,0,0,0,0,0,0,0.08658331046111338,0.05045703942895029,1.8164534194422104,0.0866004635880736,0.06547857248608413,2.3572286094990287,7.637799497129085,8.412304872948027,0,0,0,36.0,0.005563555983826518,0.00015454322177295884,0.13639317802153528,0.003788699389487091,0.1419567340053618,0.00394324261126005,zero_sum_capture,-1,-1,-1,-1,-1,-1,0.504570394289503,0.6547857248608412
0,0,0,0,0,0,0.08660081631307394,0.07927115367804745,2.457405764019471,0.08641677499617642,0.06901556386663764,2.139482479865767,31,1.0,0.0005905661218064531,0.0001742881642141322,0.4250661742368116,0.8080241051613121,0.28535793063122655,0.34306990824860595,0.24822219789934483,1.6687116354541327,31,1.0,0.0007356373593160174,0.00020559359171469038,0.42618683339527735,1.9969075949487884,0.6079782780205869,0.8644584672822588,0.2325251039536057,1.6777667184556164,1,10.329187101456192,11.049275182647776,0,0,0,31,0.005532940034754574,0.00017848193660498628,0.11575610598083586,0.003734067934865673,0.12128904601559043,0.003912549871470659,zero_sum_capture,-1,-1,-1,-1,31,31,-1,-1,0.8660081631307394,0.7927115367804745,0.8641677499617642,0.6901556386663763,-0.7999988818211237,0.8193877943925516,-0.0410725830094647,-5.5829394847983105,1.8098628208891758,-10.466861195155072,115,0.1,0.5,33,0.4848470169436314,-0.3449158176367424,-0.2822520371428756,0.672464705714135,0.09027782315868882,3.942035151316453,89,cartesian+auto_shell,2.0,0.0264455888126115,0.0,0.0,0.0,4.0,0.01,2.0,0.008726646259971648,0.008726646259971648,0.01,0,1,timeout_no_capture,0,89,89,0,0,0,0,0,0,0.08660081631307394,0.07927115367804745,2.457405764019471,0.08641677499617642,0.06901556386663764,2.139482479865767,10.329187101456192,11.049275182647776,0,0,0,31.0,0.005532940034754574,0.00017848193660498628,0.11575610598083586,0.003734067934865673,0.12128904601559043,0.003912549871470659,zero_sum_capture,-1,-1,-1,-1,-1,-1,0.7927115367804745,0.6901556386663763
0,0,0,0,0,0,0.0862566989927413,0.04295559701096977,1.9330018654936396,0.07145905297365028,0.0560359072238168,2.521615825071756,45,1.0,0.0006669498667020273,0.00015977363289859265,0.1558064166293624,2.1619623957975485,0.3514221622453297,0.5946148764053009,0.17943161897022214,1.2531078036061505,45,1.0,0.0004513132724151025,0.0001313521168466706,0.2008740150683992,0.8599276090188748,0.3426797509564273,0.40383828743540223,0.17204446245689112,1.219110051018974,1,7.0391828863028065,7.677365487886351,0,0,0,45,0.005523518077097833,0.00012274484615772962,0.1698539589997381,0.003774532422216402,0.17537747707683593,0.0038972772683741317,zero_sum_capture,-1,-1,-1,-1,45,45,-1,-1,0.862566989927413,0.4295559701096978,0.7145905297365028,0.5603590722381678,0.7106291887279816,0.9397754645867689,-0.16454133453920172,-5.550650643710952,-1.3693224277974112,10.55060346711041,95,0.1,0.5,1,0.29725803354938285,0.36976126460807524,-0.7534453650482251,-2.9868864482039483,1.8873709244067427,-1.8751907474280147,145,cartesian+auto_shell,2.0,0.02449299095430027,0.0,0.0,0.0,4.0,0.01,2.0,0.008726646259971648,0.008726646259971648,0.01,0,1,timeout_no_capture,0,145,145,0,0,0,0,0,0,0.0862566989927413,0.04295559701096977,1.9330018654936396,0.07145905297365028,0.0560359072238168,2.521615825071756,7.0391828863028065,7.677365487886351,0,0,0,45.0,0.005523518077097833,0.00012274484615772962,0.1698539589997381,0.003774532422216402,0.17537747707683593,0.0038972772683741317,zero_sum_capture,-1,-1,-1,-1,-1,-1,0.4295559701096978,0.5603590722381678
0,0,0,0,0,0,0.08660107613789508,0.04446081034174159,2.489805379137529,0.08654080813140144,0.04877318628340431,2.7312984318706413,56,1.0,0.000913530325796625,0.00018539065833791647,0.04433357456471395,1.9677319894068246,0.6616472285189391,0.8497259810022766,0.18607959957170442,1.8597884405057448,56,1.0,0.0013307680836479535,0.00019802232395114996,0.20744456871799208,1.483282602306118,0.3972368808860873,0.5229789222083734,0.1757279956535277,1.870958292619105,1,10.916663228166659,11.157741505203717,0,0,0,56,0.00546515011228621,9.759196629082518e-05,0.21227719797752798,0.0037906642495987137,0.21774234808981419,0.003888256215889539,zero_sum_capture,-1,-1,-1,-1,56,56,-1,-1,0.8660107613789507,0.4446081034174158,0.8654080813140144,0.487731862834043,-0.8144412046797798,-0.4177769608101334,-0.46158278130450325,-11.091772200379204,-2.780225769806262,11.191198958279687,158,0.1,0.5,47,-0.8583284257467814,0.86364708823026,-0.034541476175238506,7.01611743209159,-0.6179590311732177,-3.7937083196909054,148,cartesian+auto_shell,2.0,0.022394690629179693,0.0,0.0,0.0,4.0,0.01,2.0,0.008726646259971648,0.008726646259971648,0.01,0,1,timeout_no_capture,0,148,148,0,0,0,0,0,0,0.08660107613789508,0.04446081034174159,2.489805379137529,0.08654080813140144,0.04877318628340431,2.7312984318706413,10.916663228166659,11.157741505203717,0,0,0,56.0,0.00546515011228621,9.759196629082518e-05,0.21227719797752798,0.0037906642495987137,0.21774234808981419,0.003888256215889539,zero_sum_capture,-1,-1,-1,-1,-1,-1,0.4446081034174158,0.487731862834043
0,0,0,0,0,0,0.08565150540100752,0.07047516535498274,2.396155622069413,0.08655033701810973,0.07080248727248416,2.4072845672644614,34,1.0,0.000896062462526333,0.00021199432638730972,0.6753582152623716,2.3000244718319207,1.1367849247751616,1.264655290615314,0.4260424081472492,2.564268818286435,34,1.0,0.0009426737702412446,0.0001960572264805448,0.13255556916379396,1.2850836940201305,0.4600766664237883,0.5963467190193393,0.347071857332546,2.3279198597054718,1,10.185722034849896,10.329380337177778,0,0,0,34,0.005700589972548187,0.00016766441095729962,0.12698953901417553,0.003734986441593398,0.13269012898672372,0.0039026508525506977,zero_sum_capture,-1,-1,-1,-1,34,34,-1,-1,0.8565150540100751,0.7047516535498274,0.8655033701810972,0.7080248727248415,0.027598345305184013,0.7508129274464488,-0.5358071226341357,7.7843371787410796,8.9931858705575,1.5895605006649893,101,0.1,0.5,18,-0.13410376197984708,0.246700007700964,0.19047807762941882,-0.5805288605522274,-3.93737932210443,-0.4000378931181258,161,cartesian+auto_shell,2.0,0.027353886027907424,0.0,0.0,0.0,4.0,0.01,2.0,0.008726646259971648,0.008726646259971648,0.01,0,1,timeout_no_capture,0,161,161,0,0,0,0,0,0,0.08565150540100752,0.07047516535498274,2.396155622069413,0.08655033701810973,0.07080248727248416,2.4072845672644614,10.185722034849896,10.329380337177778,0,0,0,34.0,0.005700589972548187,0.00016766441095729962,0.12698953901417553,0.003734986441593398,0.13269012898672372,0.0039026508525506977,zero_sum_capture,-1,-1,-1,-1,-1,-1,0.7047516535498274,0.7080248727248415
0,0,0,0,0,0,0.08553573073497511,0.02962022095714001,2.6065794442283208,0.08180076028258694,0.04564417618479328,4.016687504261808,88,1.0,0.0008969080241028361,0.00017733591303772904,0.16536469377550567,2.0013258128453546,0.7250310919626425,0.8636763648988506,0.0854078142191913,1.6089078404111943,88,1.0,0.0009712363991636834,0.0001592847770213719,0.21390669364634787,0.8689657582783873,0.34922871655698384,0.423868005907318,0.08631873765963091,1.5821304316189109,1,3.7544227431305726,3.9222711656493185,0,0,0,88,0.00549336604308337,6.242461412594739e-05,0.3315524929203093,0.003767641965003515,0.3370458589633927,0.0038300665791294623,zero_sum_capture,-1,-1,-1,-1,88,88,-1,-1,0.855357307349751,0.29620220957140014,0.8180076028258694,0.4564417618479327,-0.18878498956547074,-0.9260878306161617,0.7804652241193304,1.6377992708068152,15.88394935332764,1.0088441353683575,129,0.1,0.5,61,-0.2091387752861611,-0.9009643321096641,0.2048921088878366,-4.025627814048647,-6.624496818515896,1.9774636796236482,278,cartesian+auto_shell,2.0,0.02599687572449298,0.0,0.0,0.0,4.0,0.01,2.0,0.008726646259971648,0.008726646259971648,0.01,0,1,timeout_no_capture,0,278,278,0,0,0,0,0,0,0.08553573073497511,0.02962022095714001,2.6065794442283208,0.08180076028258694,0.04564417618479328,4.016687504261808,3.7544227431305726,3.9222711656493185,0,0,0,88.0,0.00549336604308337,6.242461412594739e-05,0.3315524929203093,0.003767641965003515,0.3370458589633927,0.0038300665791294623,zero_sum_capture,-1,-1,-1,-1,-1,-1,0.29620220957140014,0.4564417618479327
0,0,0,0,0,0,0.07621765225267839,0.024033896514821754,1.5381693769485922,0.08597720816762373,0.043627354180158576,2.792150667530149,64,1.0,0.0008289406272276623,0.00017571491536724245,0.8308902837434298,1.8667360522851482,1.2625230661323152,1.3492431264405673,0.6405813095704849,1.6516667871277129,64,1.0,0.0007131179148922078,0.0001476314214601962,0.5879826687641897,1.6306974477732379,0.49553426558957175,0.7042319845327709,0.5512810602608623,1.4119596448404894,1,7.527216168318923,7.639572597200843,0,0,0,64,0.005496782949194312,8.588723358116113e-05,0.24300607899203897,0.003796969984250609,0.24850286194123328,0.00388285721783177,zero_sum_capture,-1,-1,-1,-1,64,64,-1,-1,0.7621765225267838,0.24033896514821754,0.8597720816762373,0.4362735418015857,0.979064917876092,-0.0433255551479339,-0.10627461526544835,-10.364928205174307,-7.572775559190359,-9.550986003115659,143,0.1,0.5,49,-0.8883211263679704,0.40068141092629994,0.6742588439037807,5.539592779280895,4.9794944094283595,2.918483727247885,332,cartesian+auto_shell,2.0,0.030512839328659606,0.0,0.0,0.0,4.0,0.01,2.0,0.008726646259971648,0.008726646259971648,0.01,0,1,timeout_no_capture,0,332,332,0,0,0,0,0,0,0.07621765225267839,0.024033896514821754,1.5381693769485922,0.08597720816762373,0.043627354180158576,2.792150667530149,7.527216168318923,7.639572597200843,0,0,0,64.0,0.005496782949194312,8.588723358116113e-05,0.24300607899203897,0.003796969984250609,0.24850286194123328,0.00388285721783177,zero_sum_capture,-1,-1,-1,-1,-1,-1,0.24033896514821754,0.4362735418015857
0,0,0,0,0,0,0.08659663704338916,0.08026865840311694,1.9264478016748066,0.08656348012822401,0.07625463955827584,1.8301113493986203,24,1.0,0.0008294859355800996,0.00021624171948379385,0.15303346149318586,1.7940338964893543,0.46763153116013734,0.6457739033901639,0.5212656823583437,2.349780277610374,24,1.0,0.0005762991959034839,0.00017735621720348115,0.5642512434784916,1.7204149418621604,0.7107526687468427,0.8371551100883728,0.61331295901348,2.520272509380415,1,13.675912027947954,13.796921526916623,0,0,0,24,0.005521862069144845,0.00023007758621436855,0.09088676399551332,0.003786948499813055,0.09640862606465816,0.004017026086027424,zero_sum_capture,-1,-1,-1,-1,24,24,-1,-1,0.8659663704338916,0.8026865840311693,0.8656348012822401,0.7625463955827585,0.4385821272563435,-0.9528217846671774,0.5830076713987384,-15.284349087179383,0.5982744709349291,4.6936915789883695,153,0.1,0.5,35,-0.4996725762501262,-0.6532115073020062,-0.9587642162367593,2.8460593478799963,2.1971071307389205,1.7529022917439165,425,cartesian+auto_shell,2.0,0.027297827841428025,0.0,0.0,0.0,4.0,0.01,2.0,0.008726646259971648,0.008726646259971648,0.01,0,1,timeout_no_capture,0,425,425,0,0,0,0,0,0,0.08659663704338916,0.08026865840311694,1.9264478016748066,0.08656348012822401,0.07625463955827584,1.8301113493986203,13.675912027947954,13.796921526916623,0,0,0,24.0,0.005521862069144845,0.00023007758621436855,0.09088676399551332,0.003786948499813055,0.09640862606465816,0.004017026086027424,zero_sum_capture,-1,-1,-1,-1,-1,-1,0.8026865840311693,0.7625463955827585
0,0,0,0,0,0,0.08636338441497002,0.031357037571520446,1.9441363294342677,0.08250091722637269,0.0639484161983161,3.9648018042955977,62,1.0,0.000722644156075068,0.00017729082378035454,0.10632005192014432,0.6032322512818481,0.15249863706072647,0.18629635447992088,0.05481568465622966,0.7885006686989202,62,1.0,0.000659867139352392,0.00018488451549917277,0.15326108711898753,0.8364175340171801,0.30356099776211565,0.37489248190092217,0.05673527015363849,0.7905327938087551,1,3.9288619859172473,4.529599421844611,0,0,0,62,0.00552628596778959,8.913364464176758e-05,0.23464925005100667,0.0037846653234033336,0.24017553601879627,0.003873798968045101,zero_sum_capture,-1,-1,-1,-1,62,62,-1,-1,0.8636338441497001,0.3135703757152044,0.8250091722637268,0.6394841619831608,-0.28741568107206783,0.6041239012077606,-0.3685328526900653,3.233034895595119,-5.956650874579964,9.902817564826185,82,0.1,0.5,3,0.40285465138766674,-0.35199468920196053,-0.9782212397583034,-1.4918480457690548,0.6343422293526606,-3.656774445381468,445,cartesian+auto_shell,2.0,0.02537808691817537,0.0,0.0,0.0,4.0,0.01,2.0,0.008726646259971648,0.008726646259971648,0.01,0,1,timeout_no_capture,0,445,445,0,0,0,0,0,0,0.08636338441497002,0.031357037571520446,1.9441363294342677,0.08250091722637269,0.0639484161983161,3.9648018042955977,3.9288619859172473,4.529599421844611,0,0,0,62.0,0.00552628596778959,8.913364464176758e-05,0.23464925005100667,0.0037846653234033336,0.24017553601879627,0.003873798968045101,zero_sum_capture,-1,-1,-1,-1,-1,-1,0.3135703757152044,0.6394841619831608
0,0,0,0,0,0,0.08591094062186651,0.027893835822581516,2.482551388209755,0.0866013686285768,0.05060105551960311,4.503493941244677,89,1.0,0.0007781399857951268,0.00018091657453398846,0.09317431643576111,1.5397403879105156,0.45116388576705,0.5663953925332389,0.11038664653674506,1.2389679593494978,89,1.0,0.0006952011802821589,0.0001781936760082398,0.048123524207817,1.289697063503198,0.35078430361526514,0.4683602973888519,0.10969935422210182,1.2253371710952456,1,4.606907485299566,5.124556272820466,0,0,0,89,0.005452887970022857,6.12684041575602e-05,0.3349694649223238,0.003763701853059818,0.3404223528923467,0.0038249702572173785,zero_sum_capture,-1,-1,-1,-1,89,89,-1,-1,0.859109406218665,0.2789383582258152,0.8660136862857679,0.506010555196031,0.3713492168065764,-0.6310366915682013,0.3859380528546559,-6.465114568943473,14.314301683560197,3.0500919531156043,137,0.1,0.5,48,0.7879275838848308,-0.7933143543195347,0.954542669422447,0.9187742840036487,-6.456876246571774,4.632990713514413,462,cartesian+auto_shell,2.0,0.028350849668828303,0.0,0.0,0.0,4.0,0.01,2.0,0.008726646259971648,0.008726646259971648,0.01,0,1,timeout_no_capture,0,462,462,0,0,0,0,0,0,0.08591094062186651,0.027893835822581516,2.482551388209755,0.0866013686285768,0.05060105551960311,4.503493941244677,4.606907485299566,5.124556272820466,0,0,0,89.0,0.005452887970022857,6.12684041575602e-05,0.3349694649223238,0.003763701853059818,0.3404223528923467,0.0038249702572173785,zero_sum_capture,-1,-1,-1,-1,-1,-1,0.2789383582258152,0.506010555196031
0,0,0,0,0,0,0.08657201051341287,0.07689332463792216,2.0761197652238983,0.08657593519867623,0.04820716786382589,1.301593532323299,27,1.0,0.0009347134233207724,0.0002596249430249364,0.048295874183479956,1.1296295554003712,0.5245810922645322,0.6274602166243041,0.5330495056532781,2.5746665740277486,27,1.0,0.0005785021518923466,0.00017621955080759666,0.3420182028717963,1.3507197735446235,0.4433698410530694,0.5885418862775388,0.6078525040193837,2.612198769524805,1,14.810870987642895,15.21892950475742,0,0,0,27,0.006584874936379492,0.00024388425690294416,0.10198077908717096,0.003777065892117443,0.10856565402355045,0.004020950149020387,zero_sum_capture,-1,-1,-1,-1,27,27,-1,-1,0.8657201051341287,0.7689332463792214,0.8657593519867623,0.4820716786382589,-0.8376051759457219,-0.06021593445347184,0.0456611679921215,-8.551196590781041,7.286344314078103,11.392375669829207,150,0.1,0.5,16,-0.07849608733959301,-0.20557303468763966,0.5656519779018827,1.5409992759505766,-0.255204063195616,-3.6824166138078733,470,cartesian+auto_shell,2.0,0.027028405625872682,0.0,0.0,0.0,4.0,0.01,2.0,0.008726646259971648,0.008726646259971648,0.01,0,1,timeout_no_capture,0,470,470,0,0,0,0,0,0,0.08657201051341287,0.07689332463792216,2.0761197652238983,0.08657593519867623,0.04820716786382589,1.301593532323299,14.810870987642895,15.21892950475742,0,0,0,27.0,0.006584874936379492,0.00024388425690294416,0.10198077908717096,0.003777065892117443,0.10856565402355045,0.004020950149020387,zero_sum_capture,-1,-1,-1,-1,-1,-1,0.7689332463792214,0.4820716786382589
0,0,0,0,0,0,0.08653624365600222,0.08248911877922596,1.8972497319221973,0.0866025162895177,0.06012433640317222,1.382859737272961,23,1.0,0.0004231420160734975,0.00016270101425977678,0.22457069451844935,1.164983646677991,0.3981219921634451,0.49880991938638397,0.7931640634805355,2.4089799853867278,23,1.0,0.0006999439851163546,0.00013955085931841843,0.8725209613496707,1.1710760690104918,0.6500770779567003,0.7412510065377733,0.8195316282786558,2.4083847789032427,1,10.132010304921316,10.997878243783033,0,0,0,23,0.005516555975191295,0.0002398502597909259,0.0867068839725107,0.0037698645205439434,0.09222343994770199,0.004009714780334869,zero_sum_capture,-1,-1,-1,-1,23,23,-1,-1,0.8653624365600222,0.8248911877922597,0.8660251628951771,0.6012433640317222,-0.23390115521034582,0.6409357279947969,0.5930951151385464,7.490416315797141,4.6875637157831544,-8.119138490413452,104,0.1,0.5,28,-0.39644425991710497,0.16450973719050488,-0.8849717470795162,-0.5117744991053579,-1.7132199910242798,3.5781229890013875,484,cartesian+auto_shell,2.0,0.023916124094276486,0.0,0.0,0.0,4.0,0.01,2.0,0.008726646259971648,0.008726646259971648,0.01,0,1,timeout_no_capture,0,484,484,0,0,0,0,0,0,0.08653624365600222,0.08248911877922596,1.8972497319221973,0.0866025162895177,0.06012433640317222,1.382859737272961,10.132010304921316,10.997878243783033,0,0,0,23.0,0.005516555975191295,0.0002398502597909259,0.0867068839725107,0.0037698645205439434,0.09222343994770199,0.004009714780334869,zero_sum_capture,-1,-1,-1,-1,-1,-1,0.8248911877922597,0.6012433640317222
0,0,0,0,0,0,0.08659990094691056,0.076063647057889,1.749463882331447,0.08655946897016598,0.056507324124214706,1.2996684548569382,23,1.0,0.0005383155302239453,0.00014080350121415387,0.4907672320759754,0.8711992161198664,0.43542346454745906,0.5070593506687311,2.0191780891706035,3.2333691569710723,23,1.0,0.0005546278415202097,0.00022973751528747573,0.2196762441412939,0.8141846151123007,0.23915724125394225,0.3142678696080294,1.968594542734192,3.153328800399125,1,10.171706253977169,10.542580006122884,0,0,0,23,0.0058109150268137455,0.00025264847942668456,0.08804744493681937,0.003828149779861712,0.09385835996363312,0.004080798259288396,zero_sum_capture,-1,-1,-1,-1,23,23,-1,-1,0.8659990094691056,0.7606364705788901,0.8655946897016596,0.5650732412421469,0.25770640603849815,-0.04280509380087261,0.059429396891415465,7.490416315797141,4.6875637157831544,-8.119138490413452,104,0.1,0.5,12,0.9256021577843743,-0.6533160041361301,-0.43601955834265005,-3.1323963967993036,1.0958531588256177,2.2332036780398363,570,cartesian+auto_shell,2.0,0.024809504046856896,0.0,0.0,0.0,4.0,0.01,2.0,0.008726646259971648,0.008726646259971648,0.01,0,1,timeout_no_capture,0,570,570,0,0,0,0,0,0,0.08659990094691056,0.076063647057889,1.749463882331447,0.08655946897016598,0.056507324124214706,1.2996684548569382,10.171706253977169,10.542580006122884,0,0,0,23.0,0.0058109150268137455,0.00025264847942668456,0.08804744493681937,0.003828149779861712,0.09385835996363312,0.004080798259288396,zero_sum_capture,-1,-1,-1,-1,-1,-1,0.7606364705788901,0.5650732412421469
0,0,0,0,0,0,0.08643334974433178,0.0421217982833457,2.148211712450631,0.08607418504123902,0.07072467665399362,3.6069585093536745,51,1.0,0.001087961580828423,0.0001615688844622756,0.19898328573834273,1.6276329323512704,0.4319398000087761,0.5750002132696757,0.034684497330074913,0.8729636049049806,51,1.0,0.000722875293004794,0.00019564276628277456,0.018491365800159094,1.0532348313152253,0.256298128453941,0.3659173039513901,0.034031773644965076,0.8345532077024587,1,5.9474634610729735,6.389593112946829,0,0,0,51,0.005554827046580613,0.00010891817738393358,0.19308727595489472,0.0037860250187234257,0.19864210300147533,0.0038949431961073596,zero_sum_capture,-1,-1,-1,-1,51,51,-1,-1,0.8643334974433178,0.42121798283345707,0.8607418504123902,0.707246766539936,0.04706216815636899,0.7169784037803133,0.1164741279497965,-3.3916797671002086,-6.977179410266289,-9.155079236926312,102,0.1,0.5,30,-0.28723433790597985,-0.8064277137009377,0.8356710270412255,1.0552631884534018,2.709266922415007,2.7470515732696157,598,cartesian+auto_shell,2.0,0.02328267378234628,0.0,0.0,0.0,4.0,0.01,2.0,0.008726646259971648,0.008726646259971648,0.01,0,1,timeout_no_capture,0,598,598,0,0,0,0,0,0,0.08643334974433178,0.0421217982833457,2.148211712450631,0.08607418504123902,0.07072467665399362,3.6069585093536745,5.9474634610729735,6.389593112946829,0,0,0,51.0,0.005554827046580613,0.00010891817738393358,0.19308727595489472,0.0037860250187234257,0.19864210300147533,0.0038949431961073596,zero_sum_capture,-1,-1,-1,-1,-1,-1,0.42121798283345707,0.707246766539936
0,0,0,0,0,0,0.08657151415211538,0.03950005548422866,3.041504272285607,0.08658570819671703,0.055421262284632906,4.267437195916734,77,1.0,0.0009839596751053232,0.00019687391146239378,0.22039766462833962,1.2093070245962418,0.37953022065701514,0.46940529256532637,0.12879921796269772,1.1721833332609908,77,1.0,0.0008705278227307154,0.0001887720562001599,0.4150159817806604,1.1438008945777667,0.3563057978431322,0.45416868205098754,0.13020633492769867,1.1251171281078878,1,7.650390428597558,7.795135261543701,0,0,0,77,0.005626962054520845,7.30774292794915e-05,0.2917978490004316,0.0037895824545510597,0.29742481105495244,0.0038626598838305513,zero_sum_capture,-1,-1,-1,-1,77,77,-1,-1,0.8657151415211537,0.39500055484228663,0.8658570819671703,0.5542126228463291,0.8078658462424599,-0.690307176496811,0.9788166282765889,-13.0806736509811,-8.798382133617665,2.735772042288312,156,0.1,0.5,57,-0.7694786977524297,0.37221349683311966,0.8246775402006292,4.014376001183626,6.897573265587014,-0.5552192062422474,613,cartesian+auto_shell,2.0,0.024770038729056185,0.0,0.0,0.0,4.0,0.01,2.0,0.008726646259971648,0.008726646259971648,0.01,0,1,timeout_no_capture,0,613,613,0,0,0,0,0,0,0.08657151415211538,0.03950005548422866,3.041504272285607,0.08658570819671703,0.055421262284632906,4.267437195916734,7.650390428597558,7.795135261543701,0,0,0,77.0,0.005626962054520845,7.30774292794915e-05,0.2917978490004316,0.0037895824545510597,0.29742481105495244,0.0038626598838305513,zero_sum_capture,-1,-1,-1,-1,-1,-1,0.39500055484228663,0.5542126228463291
0,0,0,0,0,0,0.08658070470639559,0.06781141874486056,1.6274740498766533,0.08658537217719875,0.05861822558056451,1.4068374139335482,24,1.0,0.0005702319033377276,0.00017181356509801248,1.0208825279350093,2.6959819330810446,1.0638394252078565,1.2741508092099618,0.7036477547264742,2.718235851157294,24,1.0,0.0006188198496050568,0.00019222442855911878,0.26532908013677825,1.2251340552159722,0.3303008098625238,0.447512773684663,0.5554676338191376,2.4767778824670375,1,14.633076761603387,14.920515954497272,0,0,0,24,0.005561835947446525,0.00023174316447693855,0.09195809008087963,0.0038315870867033177,0.09751992602832615,0.004063330251180257,zero_sum_capture,-1,-1,-1,-1,24,24,-1,-1,0.8658070470639558,0.6781141874486055,0.8658537217719875,0.5861822558056452,-0.7182920859487474,0.916181178527685,0.8285107388831001,-8.149861539841904,-10.891817198071816,8.423068028052061,159,0.1,0.5,16,-0.1567222451017649,0.2528008362246601,0.9024623292211071,1.5409992759505766,-0.255204063195616,-3.6824166138078733,641,cartesian+auto_shell,2.0,0.019365098204945436,0.0,0.0,0.0,4.0,0.01,2.0,0.008726646259971648,0.008726646259971648,0.01,0,1,timeout_no_capture,0,641,641,0,0,0,0,0,0,0.08658070470639559,0.06781141874486056,1.6274740498766533,0.08658537217719875,0.05861822558056451,1.4068374139335482,14.633076761603387,14.920515954497272,0,0,0,24.0,0.005561835947446525,0.00023174316447693855,0.09195809008087963,0.0038315870867033177,0.09751992602832615,0.004063330251180257,zero_sum_capture,-1,-1,-1,-1,-1,-1,0.6781141874486055,0.5861822558056452
0,0,0,0,0,0,0.0864280946973795,0.050486572559241896,3.2816272163507234,0.08657497308192524,0.04912470726897282,3.193105972483233,65,1.0,0.000747213237248537,0.00014777578301964964,0.6119530501300564,2.1870161446208423,0.5483232969170846,0.696619142165262,0.17889606509123923,1.3412887877146906,65,1.0,0.0005695765890633005,0.00016278377674754438,0.011770041133503316,1.3728308764334172,0.282180402594165,0.40263959036883196,0.1565200645081731,1.2655103173710511,1,8.22267934622217,8.538163534625241,0,0,0,65,0.0055085859494283795,8.4747476145052e-05,0.24630407406948507,0.0037892934472228473,0.25181266001891345,0.003874040923367899,zero_sum_capture,-1,-1,-1,-1,65,65,-1,-1,0.864280946973795,0.5048657255924189,0.8657497308192524,0.4912470726897281,-0.9043292718489062,-0.814737825119199,0.17788724554982882,-1.2901839231255536,11.677628943725118,10.861326240251778,142,0.1,0.5,50,0.465966381769632,-0.1787631747595757,0.12782273950907763,3.803660206842084,-5.7260114381772595,-4.092060854966508,684,cartesian+auto_shell,2.0,0.02561845848975968,0.0,0.0,0.0,4.0,0.01,2.0,0.008726646259971648,0.008726646259971648,0.01,0,1,timeout_no_capture,0,684,684,0,0,0,0,0,0,0.0864280946973795,0.050486572559241896,3.2816272163507234,0.08657497308192524,0.04912470726897282,3.193105972483233,8.22267934622217,8.538163534625241,0,0,0,65.0,0.0055085859494283795,8.4747476145052e-05,0.24630407406948507,0.0037892934472228473,0.25181266001891345,0.003874040923367899,zero_sum_capture,-1,-1,-1,-1,-1,-1,0.5048657255924189,0.4912470726897281
0,0,0,0,0,0,0.08651144469013441,0.0646460645508618,2.391904388381887,0.08649912271400467,0.06427075345711078,2.378017877913099,37,1.0,0.0007346731083789368,0.00021580519470459716,0.1239681492034008,1.0733281833579562,0.4777984232631324,0.546721119124887,0.5342547749394494,3.1732585551083776,37,1.0,0.0006214969798474387,0.0001949541117796976,0.14719096481439722,1.2104761393870944,0.5206648593333207,0.6404385427502428,0.4830671411564861,3.0314840545509756,1,13.243543990444577,14.042319264247643,0,0,0,37,0.005575640010647476,0.00015069297326074257,0.13897305901627988,0.003756028622061618,0.14454869902692735,0.003906721595322361,zero_sum_capture,-1,-1,-1,-1,37,37,-1,-1,0.8651144469013441,0.646460645508618,0.8649912271400467,0.6427075345711077,0.23557291858308593,-0.7363627688496344,-0.2545073152526285,6.574700360975447,-2.939207817567469,-14.287560063514684,125,0.1,0.5,25,-0.5742179884904925,0.13770533715201694,0.09397380850620718,-0.809808416102907,1.6373250664356762,3.5585638895529623,702,cartesian+auto_shell,2.0,0.025333376067938545,0.0,0.0,0.0,4.0,0.01,2.0,0.008726646259971648,0.008726646259971648,0.01,0,1,timeout_no_capture,0,702,702,0,0,0,0,0,0,0.08651144469013441,0.0646460645508618,2.391904388381887,0.08649912271400467,0.06427075345711078,2.378017877913099,13.243543990444577,14.042319264247643,0,0,0,37.0,0.005575640010647476,0.00015069297326074257,0.13897305901627988,0.003756028622061618,0.14454869902692735,0.003906721595322361,zero_sum_capture,-1,-1,-1,-1,-1,-1,0.646460645508618,0.6427075345711077
0,0,0,0,0,0,0.08624518693890734,0.059128373526973504,2.3060065675519668,0.08636531914997794,0.07052600861864339,2.7505143361270923,39,1.0,0.0008631047287365675,0.00018075480511282538,0.07946727117809778,1.658459669510441,0.40640585953982883,0.6325428257019253,0.08490025977378476,1.7192791193569874,39,1.0,0.0005980094157543913,0.0001726443737205226,0.1091462750041622,1.7225750337100958,0.6505767208310667,0.8182278470835409,0.0845206453340175,1.6995437159885634,1,13.811223167214914,14.562064955700572,0,0,0,39,0.005451122997328639,0.00013977238454688818,0.14614769199397415,0.003747376717794209,0.1515988149913028,0.0038871491023410973,zero_sum_capture,-1,-1,-1,-1,39,39,-1,-1,0.8624518693890734,0.5912837352697352,0.8636531914997794,0.705260086186434,0.6134007317393544,-0.4611757202356832,0.3337583287280952,14.569285095951091,3.8092917139244435,-5.406036295764584,123,0.1,0.5,15,-0.407904324483064,-0.04339389533439908,0.2679536570598757,-2.6421388678371636,-2.279901105663051,1.9547770081164104,704,cartesian+auto_shell,2.0,0.023715747475521413,0.0,0.0,0.0,4.0,0.01,2.0,0.008726646259971648,0.008726646259971648,0.01,0,1,timeout_no_capture,0,704,704,0,0,0,0,0,0,0.08624518693890734,0.059128373526973504,2.3060065675519668,0.08636531914997794,0.07052600861864339,2.7505143361270923,13.811223167214914,14.562064955700572,0,0,0,39.0,0.005451122997328639,0.00013977238454688818,0.14614769199397415,0.003747376717794209,0.1515988149913028,0.0038871491023410973,zero_sum_capture,-1,-1,-1,-1,-1,-1,0.5912837352697352,0.705260086186434
0,0,0,0,0,0,0.08660251973078956,0.05324674726208092,2.9285710994144507,0.07904249926937568,0.06865411670117977,3.775976418564887,55,1.0,0.0007031339832738407,0.00016585914490527568,0.10215567592069728,0.5818782801616804,0.20151011435791752,0.2483300893181548,0.17874779588361228,1.419725974999831,55,1.0,0.0009655495959589917,0.00021490545789672625,0.30364246663832684,0.9873386520095923,0.312494235499116,0.38417737749892716,0.17903760211666353,1.5186116953828537,1,7.7628861985807545,7.548671416210332,0,0,0,55,0.0056109989527612925,0.00010201816277747805,0.20630291802808642,0.003750962145965208,0.21191391698084772,0.0038529803087426857,zero_sum_capture,-1,-1,-1,-1,55,55,-1,-1,0.8660251973078955,0.5324674726208091,0.7904249926937567,0.6865411670117975,-0.6026462377800612,0.609490073116207,-0.18190013992290588,-9.397956935766503,4.265876884363914,-6.1221483027551615,118,0.1,0.5,27,0.9177542849782112,-0.3606539259497408,0.7163860588999564,2.3084608217486458,3.2626403641915216,-0.16182239770741935,729,cartesian+auto_shell,2.0,0.026015639210278007,0.0,0.0,0.0,4.0,0.01,2.0,0.008726646259971648,0.008726646259971648,0.01,0,1,timeout_no_capture,0,729,729,0,0,0,0,0,0,0.08660251973078956,0.05324674726208092,2.9285710994144507,0.07904249926937568,0.06865411670117977,3.775976418564887,7.7628861985807545,7.548671416210332,0,0,0,55.0,0.0056109989527612925,0.00010201816277747805,0.20630291802808642,0.003750962145965208,0.21191391698084772,0.0038529803087426857,zero_sum_capture,-1,-1,-1,-1,-1,-1,0.5324674726208091,0.6865411670117975
0,0,0,0,0,0,0.08656588226694854,0.0466566148019213,2.8460535029171994,0.07791456881582297,0.06455687894387682,3.937969615576486,61,1.0,0.0008918380743953874,0.000193697404183694,0.34279370947949894,1.2103373374072264,0.23503769206456732,0.33568099501109716,0.09073299404830748,1.6485037593839684,61,1.0,0.000633467598002475,0.000187835171926945,0.2323899478938891,1.0836308071285434,0.3532424375686976,0.43077205827980103,0.08496980893660407,1.5953576704119543,1,4.528982642817302,4.700217418186495,0,0,0,61,0.005490466021001339,9.000763968854654e-05,0.22947436408139765,0.003761874821006519,0.234964830102399,0.0038518824606950655,zero_sum_capture,-1,-1,-1,-1,61,61,-1,-1,0.8656588226694854,0.4665661480192129,0.7791456881582296,0.6455687894387683,0.5072425764768145,-0.18855659849527684,-0.7994804975039638,-10.643929889244225,-5.271196162278637,-1.7091657414166703,105,0.1,0.5,39,0.9565241457329079,0.8688434845966564,-0.41186749889187246,3.236759918068028,-1.2731555594897532,1.9754645413493461,788,cartesian+auto_shell,2.0,0.02961894659210328,0.0,0.0,0.0,4.0,0.01,2.0,0.008726646259971648,0.008726646259971648,0.01,0,1,timeout_no_capture,0,788,788,0,0,0,0,0,0,0.08656588226694854,0.0466566148019213,2.8460535029171994,0.07791456881582297,0.06455687894387682,3.937969615576486,4.528982642817302,4.700217418186495,0,0,0,61.0,0.005490466021001339,9.000763968854654e-05,0.22947436408139765,0.003761874821006519,0.234964830102399,0.0038518824606950655,zero_sum_capture,-1,-1,-1,-1,-1,-1,0.4665661480192129,0.6455687894387683
0,0,0,0,0,0,0.08396113717327475,0.03857617836538909,3.1246704475965164,0.08264729316744379,0.05316519924345137,4.306381138719561,81,1.0,0.0010854459592219247,0.00021382974103804073,0.5936569610473459,1.458823286958936,0.7234388118130435,0.8354455360046507,0.20388311679523086,1.4163540416800593,81,1.0,0.0007166594955306842,0.00019154167074228933,0.37871942671427034,1.0754384940188115,0.24814541858959013,0.3132779147416811,0.1855788537262103,1.3199983521758307,1,8.701766884400794,8.71824624736144,0,0,0,81,0.006594074075110257,8.140832191494144e-05,0.3043700539274141,0.003757654986758199,0.3109641280025244,0.0038390633086731406,zero_sum_capture,-1,-1,-1,-1,81,81,-1,-1,0.8396113717327474,0.38576178365389086,0.8264729316744378,0.5316519924345138,0.741503790242863,0.6826207009460352,0.4297124828297225,8.26353512642553,12.259079729959799,-6.117920511809569,121,0.1,0.5,58,0.31186899554577074,-0.6478181632292559,-0.5171463670682233,-0.2788948141896127,-6.851386641700729,-4.120766769491202,810,cartesian+auto_shell,2.0,0.02140011822755372,0.0,0.0,0.0,4.0,0.01,2.0,0.008726646259971648,0.008726646259971648,0.01,0,1,timeout_no_capture,0,810,810,0,0,0,0,0,0,0.08396113717327475,0.03857617836538909,3.1246704475965164,0.08264729316744379,0.05316519924345137,4.306381138719561,8.701766884400794,8.71824624736144,0,0,0,81.0,0.006594074075110257,8.140832191494144e-05,0.3043700539274141,0.003757654986758199,0.3109641280025244,0.0038390633086731406,zero_sum_capture,-1,-1,-1,-1,-1,-1,0.38576178365389086,0.5316519924345138
0,0,0,0,0,0,0.08620856244061981,0.05240496513285839,2.6202482566429195,0.0804828117736125,0.07071299472716569,3.535649736358285,50,1.0,0.0011303624461882046,0.000200023408137817,0.2716086454982087,1.7718295574172749,0.49040295611249674,0.6982423489472513,0.08455479307661684,1.3822437208443705,50,1.0,0.0008641766947371398,0.00016996945561976518,0.13767716668697277,1.4611473333337006,0.44365987028466014,0.6079895123094746,0.08791422573126513,1.4391494442255532,1,6.551412257469995,7.350445602217166,0,0,0,50,0.005539477919228375,0.0001107895583845675,0.1865067690378055,0.00373013538075611,0.19204624695703387,0.0038409249391406775,zero_sum_capture,-1,-1,-1,-1,50,50,-1,-1,0.8620856244061981,0.5240496513285838,0.804828117736125,0.7071299472716569,-0.017806007945023294,-0.20345570232227805,-0.41467145883575696,5.229836971324298,9.97408092186654,-4.143249330830503,109,0.1,0.5,15,-0.004669523796819064,-0.935192574590415,-0.420890968644684,-2.6421388678371636,-2.279901105663051,1.9547770081164104,817,cartesian+auto_shell,2.0,0.028663735930987092,0.0,0.0,0.0,4.0,0.01,2.0,0.008726646259971648,0.008726646259971648,0.01,0,1,timeout_no_capture,0,817,817,0,0,0,0,0,0,0.08620856244061981,0.05240496513285839,2.6202482566429195,0.0804828117736125,0.07071299472716569,3.535649736358285,6.551412257469995,7.350445602217166,0,0,0,50.0,0.005539477919228375,0.0001107895583845675,0.1865067690378055,0.00373013538075611,0.19204624695703387,0.0038409249391406775,zero_sum_capture,-1,-1,-1,-1,-1,-1,0.5240496513285838,0.7071299472716569
0,0,0,0,0,0,0.08660022269473319,0.06270712130457795,12.353302897001857,0.08660228056231828,0.06104727276925909,12.02631273554404,197,1.0,0.0013879881897877243,0.00022241981306827177,0.06808635613638515,1.8571654748183042,0.23779876758418436,0.42956837549195975,0.002294740475452214,0.26651578161998396,197,1.0,0.001198622080518065,0.00021670036506433088,0.03425287188904285,2.649670564027681,0.24577033580874888,0.5335307303907115,0.002168578198974524,0.3010670945348496,1,1.2246539337822866,0.8460902959549159,0,0,0,197,0.006912503042258322,3.508884793024529e-05,0.7526243269676343,0.0038204280556732705,0.7595368300098926,0.0038555169036035156,zero_sum_capture,-1,-1,-1,-1,193,105,-1,-1,0.8660022269473319,0.6270712130457795,0.8660228056231828,0.610472727692591,-0.7520644521151048,0.43975449799808874,0.32651550697700493,-0.09488604604265773,-11.522579863743852,3.349798489746972,84,0.1,0.5,24,-0.47912765750840824,-0.1985370243822584,-0.7026057251680486,2.8972955709633323,0.9301610633527965,-2.5962432033033136,820,cartesian+auto_shell,2.0,0.02570180123560632,0.0,0.0,0.0,4.0,0.01,2.0,0.008726646259971648,0.008726646259971648,0.01,0,1,timeout_no_capture,0,820,820,0,0,0,0,0,0,0.08660022269473319,0.06270712130457795,12.353302897001857,0.08660228056231828,0.06104727276925909,12.02631273554404,1.2246539337822866,0.8460902959549159,0,0,0,197.0,0.006912503042258322,3.508884793024529e-05,0.7526243269676343,0.0038204280556732705,0.7595368300098926,0.0038555169036035156,zero_sum_capture,-1,-1,-1,-1,-1,-1,0.6270712130457795,0.610472727692591
0,0,0,0,0,0,0.08156965631947971,0.0295918652389549,2.1897980276826625,0.08647803837596028,0.04832586347190327,3.576113896920842,74,1.0,0.0011970975052793015,0.00022761479010614097,0.4902629371613682,2.4901171582662553,0.8169520729304243,1.0231354445512126,0.15427610777339562,0.935150907704731,74,1.0,0.002775547392901598,0.00022418888569688828,0.016205928511142074,2.012846465404673,0.28940501934403445,0.48365803417145475,0.14206543833687316,0.8935693153727764,1,6.084285269264103,6.6508601150581175,0,0,0,74,0.005525307962670922,7.466632381987733e-05,0.2857331340201199,0.003861258567839458,0.2912584419827908,0.003935924891659335,zero_sum_capture,-1,-1,-1,-1,74,74,-1,-1,0.815696563194797,0.29591865238954895,0.8647803837596028,0.48325863471903274,-0.37418763347625483,-0.4315985398788138,-0.9645355770396102,-4.724770405097864,0.8295059735230568,15.263959658587972,155,0.1,0.5,76,-0.11137636527584216,0.9041182642401955,-0.556236357977062,-4.571661740235052,0.9405270684020247,-6.497331588157874,876,cartesian+auto_shell,2.0,0.024227829572644983,0.0,0.0,0.0,4.0,0.01,2.0,0.008726646259971648,0.008726646259971648,0.01,0,1,timeout_no_capture,0,876,876,0,0,0,0,0,0,0.08156965631947971,0.0295918652389549,2.1897980276826625,0.08647803837596028,0.04832586347190327,3.576113896920842,6.084285269264103,6.6508601150581175,0,0,0,74.0,0.005525307962670922,7.466632381987733e-05,0.2857331340201199,0.003861258567839458,0.2912584419827908,0.003935924891659335,zero_sum_capture,-1,-1,-1,-1,-1,-1,0.29591865238954895,0.48325863471903274
0,0,0,0,0,0,0.08156548545014906,0.07019866789454332,2.3165560405199295,0.08636045491832126,0.0704536189072122,2.3249694239380028,33,1.0,0.0006574844624307214,0.00022491325788429902,0.044072233720665176,1.4059699649596873,0.5566588589710867,0.6650334641964772,0.2998254337047107,2.306650260278405,33,1.0,0.0005360140818598971,0.00015776334426553082,0.17347573430802007,1.1855452326218383,0.24028667194838912,0.3417282579867161,0.29105705522838776,2.313311121316679,1,13.024732576003503,13.576691416967504,0,0,0,33,0.005522071965970099,0.00016733551412030602,0.15028730500489473,0.004554160757724083,0.15580937697086483,0.0047214962718443885,zero_sum_capture,-1,-1,-1,-1,33,33,-1,-1,0.8156548545014906,0.7019866789454332,0.8636045491832125,0.7045361890721219,-0.7656947905694638,-0.2748069393695054,0.005448751916909522,-1.2901839231255536,11.677628943725118,10.861326240251778,142,0.1,0.5,16,-0.8712822799576863,-0.7102222804579399,0.21671262693523818,1.5409992759505766,-0.255204063195616,-3.6824166138078733,932,cartesian+auto_shell,2.0,0.025823339308544763,0.0,0.0,0.0,4.0,0.01,2.0,0.008726646259971648,0.008726646259971648,0.01,0,1,timeout_no_capture,0,932,932,0,0,0,0,0,0,0.08156548545014906,0.07019866789454332,2.3165560405199295,0.08636045491832126,0.0704536189072122,2.3249694239380028,13.024732576003503,13.576691416967504,0,0,0,33.0,0.005522071965970099,0.00016733551412030602,0.15028730500489473,0.004554160757724083,0.15580937697086483,0.0047214962718443885,zero_sum_capture,-1,-1,-1,-1,-1,-1,0.7019866789454332,0.7045361890721219
0,0,0,0,0,0,0.08430404266869274,0.031554434380703766,1.92482049722293,0.07725921794599724,0.05030467407712468,3.068585118704606,61,1.0,0.0007248170267923902,0.00016791423411292256,0.5873167427944151,0.9279158368170084,0.535314358593805,0.603125910602558,0.15003914558450482,1.289813944205554,61,1.0,0.0008973242031744778,0.00019550575374715232,0.2593545038478767,2.7221801841804103,1.1911248407722896,1.5090400599806635,0.14194156836108862,1.463108144866294,1,7.494274311075065,7.973047935768814,0,0,0,61,0.005493809003382921,9.006244267840854e-05,0.23410820798017085,0.003837839475084768,0.23960201698355377,0.003927901917763176,zero_sum_capture,-1,-1,-1,-1,61,61,-1,-1,0.8430404266869274,0.31554434380703766,0.7725921794599724,0.5030467407712467,-0.8223016481576648,0.2747775126212233,0.8993617216467553,14.044687693165379,-4.462347313578919,-6.231709561143237,128,0.1,0.5,69,-0.017336449764794537,0.836143017821863,-0.4250855243508098,-6.728848901920364,-3.431682772888299,2.6355541734873897,933,cartesian+auto_shell,2.0,0.026410371978163687,0.0,0.0,0.0,4.0,0.01,2.0,0.008726646259971648,0.008726646259971648,0.01,0,1,timeout_no_capture,0,933,933,0,0,0,0,0,0,0.08430404266869274,0.031554434380703766,1.92482049722293,0.07725921794599724,0.05030467407712468,3.068585118704606,7.494274311075065,7.973047935768814,0,0,0,61.0,0.005493809003382921,9.006244267840854e-05,0.23410820798017085,0.003837839475084768,0.23960201698355377,0.003927901917763176,zero_sum_capture,-1,-1,-1,-1,-1,-1,0.31554434380703766,0.5030467407712467
0,0,0,0,0,0,0.08544504100781973,0.033099847872236944,3.14448554786251,0.07787391798384448,0.03881583667523568,3.6875044841473894,95,1.0,0.0008601877582320463,0.00016080958991844605,0.35570139554860386,1.3950746776092526,0.36860647962322585,0.499838986828073,0.17893816168048812,0.8430844471716549,95,1.0,0.0010020458394391695,0.00016904707147450803,0.2929971198396847,1.0411118725405362,0.3333338596797013,0.37058404097548286,0.20174671043570436,0.9046595020470501,1,6.311351746738916,6.203531661887733,0,0,0,95,0.005517369951121509,5.807757843285799e-05,0.3577230960363522,0.0037655062740668656,0.3632404659874737,0.0038235838524997233,zero_sum_capture,-1,-1,-1,-1,95,95,-1,-1,0.8544504100781972,0.3309984787223694,0.7787391798384448,0.38815836675235665,-0.8995088039280614,-0.4130621112791708,-0.010554122954913758,-12.869683418776644,8.866778137284731,3.4280452395840797,145,0.1,0.5,40,0.9985598574755357,0.4878358364696269,0.54552701146109,6.091547231412189,-4.215107691874108,3.0209136818814,938,cartesian+auto_shell,2.0,0.01911446927586863,0.0,0.0,0.0,4.0,0.01,2.0,0.008726646259971648,0.008726646259971648,0.01,0,1,timeout_no_capture,0,938,938,0,0,0,0,0,0,0.08544504100781973,0.033099847872236944,3.14448554786251,0.07787391798384448,0.03881583667523568,3.6875044841473894,6.311351746738916,6.203531661887733,0,0,0,95.0,0.005517369951121509,5.807757843285799e-05,0.3577230960363522,0.0037655062740668656,0.3632404659874737,0.0038235838524997233,zero_sum_capture,-1,-1,-1,-1,-1,-1,0.3309984787223694,0.38815836675235665
0,0,0,0,0,0,0.08608002387215216,0.06425559717864696,2.0561791097167026,0.08629636746277176,0.07062959572650643,2.2601470632482057,32,1.0,0.0005482110799666659,0.0001422628642628706,0.5320260540145498,0.7948634318281291,0.29426141207015744,0.3477166695330875,0.2877884279262833,2.249256960940143,32,1.0,0.0009296274199391131,0.00013960638300624656,0.14171941195874627,1.1847054193162248,0.4219209549886006,0.5013795131797845,0.3037721531316451,2.3413069276494953,1,12.908726445040687,13.39912951566482,0,0,0,32,0.00554350798483938,0.00017323462452623062,0.12125877500511706,0.003789336718909908,0.12680228298995644,0.003962571343436139,zero_sum_capture,-1,-1,-1,-1,32,32,-1,-1,0.8608002387215216,0.6425559717864695,0.8629636746277176,0.7062959572650642,0.019009051297882218,0.22222680678834927,-0.21558375521854067,6.5609422739185375,12.27700663777543,7.888545144342314,134,0.1,0.5,8,-0.7147713285760293,-0.3525610584531662,0.2797797811827607,-0.4028047822753058,-1.133440894749664,-3.814847316143232,948,cartesian+auto_shell,2.0,0.02344964300286883,0.0,0.0,0.0,4.0,0.01,2.0,0.008726646259971648,0.008726646259971648,0.01,0,1,timeout_no_capture,0,948,948,0,0,0,0,0,0,0.08608002387215216,0.06425559717864696,2.0561791097167026,0.08629636746277176,0.07062959572650643,2.2601470632482057,12.908726445040687,13.39912951566482,0,0,0,32.0,0.00554350798483938,0.00017323462452623062,0.12125877500511706,0.003789336718909908,0.12680228298995644,0.003962571343436139,zero_sum_capture,-1,-1,-1,-1,-1,-1,0.6425559717864695,0.7062959572650642
0,0,0,0,0,0,0.07561465427384172,0.048837169135201836,2.0023239345432753,0.0850574451503417,0.06474076488562389,2.6543713603105794,41,1.0,0.0006637470393112489,0.0001797956494375101,0.23594970814529087,0.859855185098761,0.2951030648059561,0.38670520366577543,0.35732092273263205,2.1785613944077076,41,1.0,0.0005741387750388403,0.00016552590608148013,0.42111102825160257,1.1564304596183823,0.6276604542914862,0.6915454627048948,0.3111622566726686,2.137843319982293,1,10.763528635815492,11.05447871939722,0,0,0,41,0.005551051930524409,0.00013539151050059533,0.1557464700890705,0.0037986943924163538,0.1612975220195949,0.003934085902916949,zero_sum_capture,-1,-1,-1,-1,41,41,-1,-1,0.7561465427384171,0.4883716913520183,0.850574451503417,0.6474076488562388,0.39848000158176733,0.9848908283182156,0.3427238375938726,8.78376630826162,-13.269416887616893,-1.6637382319570617,141,0.1,0.5,4,-0.14568333941718725,0.45431958317561305,0.17861936410359336,-3.5929203034184485,1.753673410699059,0.12471271743735177,991,cartesian+auto_shell,2.0,0.02726909281225169,0.0,0.0,0.0,4.0,0.01,2.0,0.008726646259971648,0.008726646259971648,0.01,0,1,timeout_no_capture,0,991,991,0,0,0,0,0,0,0.07561465427384172,0.048837169135201836,2.0023239345432753,0.0850574451503417,0.06474076488562389,2.6543713603105794,10.763528635815492,11.05447871939722,0,0,0,41.0,0.005551051930524409,0.00013539151050059533,0.1557464700890705,0.0037986943924163538,0.1612975220195949,0.003934085902916949,zero_sum_capture,-1,-1,-1,-1,-1,-1,0.4883716913520183,0.6474076488562388
0,0,0,0,0,0,0.08660010397483091,0.03682998920639721,3.3883590069885434,0.08394556185459588,0.04587101747272923,4.220133607491089,92,1.0,0.0007431236450365685,0.00016406247909511173,0.0203278040647836,2.0257698179683596,0.48500087433999745,0.6411462148343492,0.06288751155432308,1.6219822728054516,92,1.0,0.00108228436613693,0.00019579714042965607,0.0464690893914709,1.2420449012639962,0.45290173005033263,0.5418512326938524,0.06573683789469663,1.5868693682176978,1,4.57122440709124,4.674783075493273,0,0,0,92,0.0054794029565528035,5.955872778861743e-05,0.34720523201394826,0.0037739699131950897,0.35268463497050107,0.003833528640983707,zero_sum_capture,-1,-1,-1,-1,92,92,-1,-1,0.866001039748309,0.3682998920639721,0.8394556185459587,0.45871017472729236,-0.4024774580372432,0.19994261915924105,0.04176933061006127,9.864375161063055,5.145614244324796,-11.498554549612054,120,0.1,0.5,77,-0.9771343965008992,-0.20425157903655378,0.47301241838391084,-7.939201480009494,0.7967968349041543,0.5780957219196432,1009,cartesian+auto_shell,2.0,0.024037034246188364,0.0,0.0,0.0,4.0,0.01,2.0,0.008726646259971648,0.008726646259971648,0.01,0,1,timeout_no_capture,0,1009,1009,0,0,0,0,0,0,0.08660010397483091,0.03682998920639721,3.3883590069885434,0.08394556185459588,0.04587101747272923,4.220133607491089,4.57122440709124,4.674783075493273,0,0,0,92.0,0.0054794029565528035,5.955872778861743e-05,0.34720523201394826,0.0037739699131950897,0.35268463497050107,0.003833528640983707,zero_sum_capture,-1,-1,-1,-1,-1,-1,0.3682998920639721,0.45871017472729236
0,0,0,0,0,0,0.08658572872220476,0.036818693680550414,2.6877646386801803,0.08660197773168984,0.051539883371956426,3.762411486152819,73,1.0,0.0007761726113674037,0.00014673452280779262,0.16230276998248527,1.869509161710092,0.322904281969495,0.5267560385320391,0.10851746018744557,0.9905259965373729,73,1.0,0.0010652735137321033,0.00023181111062222932,0.3260268180371547,2.0273634107774505,0.4027522889393925,0.5530860125906817,0.10970366056145057,0.9427870890283117,1,9.078877105805777,8.67884170007145,0,0,0,73,0.0055211050203070045,7.563157562064389e-05,0.27900305297225714,0.003821959629756947,0.28452415799256414,0.003897591205377591,zero_sum_capture,-1,-1,-1,-1,73,73,-1,-1,0.8658572872220475,0.3681869368055042,0.8660197773168984,0.5153988337195642,-0.3178226959162467,0.8757967420521395,-0.6593034212767257,-10.364928205174307,-7.572775559190359,-9.550986003115659,143,0.1,0.5,46,0.38247983891972837,0.2156576921376243,0.05519559649506789,3.8239038484250663,1.1482157858076234,6.932485836063582,1012,cartesian+auto_shell,2.0,0.029938674486482346,0.0,0.0,0.0,4.0,0.01,2.0,0.008726646259971648,0.008726646259971648,0.01,0,1,timeout_no_capture,0,1012,1012,0,0,0,0,0,0,0.08658572872220476,0.036818693680550414,2.6877646386801803,0.08660197773168984,0.051539883371956426,3.762411486152819,9.078877105805777,8.67884170007145,0,0,0,73.0,0.0055211050203070045,7.563157562064389e-05,0.27900305297225714,0.003821959629756947,0.28452415799256414,0.003897591205377591,zero_sum_capture,-1,-1,-1,-1,-1,-1,0.3681869368055042,0.5153988337195642
0,0,0,0,0,0,0.086580775864622,0.04785370417697448,3.2540518840342645,0.08619109332498082,0.0608527390276356,4.1379862538792205,68,1.0,0.0017838849390345312,0.00024011941309933158,0.06893641359128767,1.5548118008933256,0.4688723212013084,0.6695086572607233,0.02288391550741549,0.6551352278223799,68,1.0,0.0007341836513845894,0.00014746329937558142,0.10265337251244516,2.2595534611402495,0.4383637571989119,0.6088433874083694,0.02187814878726485,0.6522975077452042,1,4.466663411638651,4.0230179101015375,0,0,0,68,0.005602704011835158,8.239270605639937e-05,0.25613193307071924,0.003766646074569401,0.2617346370825544,0.0038490387806258,zero_sum_capture,-1,-1,-1,-1,68,68,-1,-1,0.86580775864622,0.47853704176974476,0.8619109332498082,0.6085273902763558,-0.13276939943546617,-0.8545747345617585,-0.2072211528576362,6.986309152262795,-0.23283483231668234,9.753833726790159,85,0.1,0.5,11,-0.3698086080260272,0.654565784856511,-0.9046922789608867,0.48659034189143324,1.8464403415265482,-3.514809796327719,1023,cartesian+auto_shell,2.0,0.022018123320130027,0.0,0.0,0.0,4.0,0.01,2.0,0.008726646259971648,0.008726646259971648,0.01,0,1,timeout_no_capture,0,1023,1023,0,0,0,0,0,0,0.086580775864622,0.04785370417697448,3.2540518840342645,0.08619109332498082,0.0608527390276356,4.1379862538792205,4.466663411638651,4.0230179101015375,0,0,0,68.0,0.005602704011835158,8.239270605639937e-05,0.25613193307071924,0.003766646074569401,0.2617346370825544,0.0038490387806258,zero_sum_capture,-1,-1,-1,-1,-1,-1,0.47853704176974476,0.6085273902763558
0,0,0,0,0,0,0.08547577932830235,0.06424280459113453,1.798798528551767,0.08557405335991213,0.060827895619047716,1.703181077333336,28,1.0,0.0006094655191739937,0.00024219902842044426,0.07197941068366025,0.8236688331772055,0.28966452136021803,0.3757969913153106,0.07511226957733158,1.4339002409260404,28,1.0,0.001159564603844885,0.00024420388336928724,0.3530941422843143,1.8037443826143547,0.6984764603375276,0.8507710509774651,0.08945343991907245,1.476653097027574,1,11.015831280641983,11.73620062037133,0,0,0,28,0.005600376054644585,0.00020001343052302088,0.1064374519046396,0.003801337568022843,0.11203782795928419,0.004001350998545864,zero_sum_capture,-1,-1,-1,-1,28,28,-1,-1,0.8547577932830234,0.6424280459113453,0.8557405335991212,0.608278956190477,-0.20868210424672395,0.6697101022776419,-0.8186140709509298,1.7293772961714662,10.738255202875123,5.06943087194332,106,0.1,0.5,13,0.4918893440952148,0.3089143493771951,0.7566502740010139,-0.23271321637681255,-3.034444826510424,-2.5957636937494293,1075,cartesian+auto_shell,2.0,0.027305174356545878,0.0,0.0,0.0,4.0,0.01,2.0,0.008726646259971648,0.008726646259971648,0.01,0,1,timeout_no_capture,0,1075,1075,0,0,0,0,0,0,0.08547577932830235,0.06424280459113453,1.798798528551767,0.08557405335991213,0.060827895619047716,1.703181077333336,11.015831280641983,11.73620062037133,0,0,0,28.0,0.005600376054644585,0.00020001343052302088,0.1064374519046396,0.003801337568022843,0.11203782795928419,0.004001350998545864,zero_sum_capture,-1,-1,-1,-1,-1,-1,0.6424280459113453,0.608278956190477
0,0,0,0,0,0,0.08501529910275232,0.050133759095897935,2.9578917866579784,0.08091871214211359,0.0424606878688956,2.5051805842648402,59,1.0,0.000509600388668931,0.000154313759164345,0.09113765122093513,1.575687996673,0.6896793160621661,0.7569659056441476,0.7648851676769012,2.0312130144224256,59,1.0,0.0009601107006889729,0.0001667962727691264,0.4203350217186881,0.9070180646826799,0.32024628431356755,0.37705525935177736,0.8381886328523274,2.1864900472878563,1,10.389894643801952,10.583031868616779,0,0,0,59,0.005712997983209789,9.683047429169134e-05,0.22483066201675683,0.003810689186724692,0.23054365999996662,0.003907519661016383,zero_sum_capture,-1,-1,-1,-1,59,59,-1,-1,0.8501529910275232,0.5013375909589793,0.8091871214211358,0.42460687868895597,0.8214321227526287,0.11640524648301231,0.5755965164159211,6.5609422739185375,12.27700663777543,7.888545144342314,134,0.1,0.5,66,0.6791607389234953,0.3957405330486916,-0.5872959926202994,-4.222219204125976,-6.192286280513972,-2.797937742779182,1083,cartesian+auto_shell,2.0,0.02286136850113047,0.0,0.0,0.0,4.0,0.01,2.0,0.008726646259971648,0.008726646259971648,0.01,0,1,timeout_no_capture,0,1083,1083,0,0,0,0,0,0,0.08501529910275232,0.050133759095897935,2.9578917866579784,0.08091871214211359,0.0424606878688956,2.5051805842648402,10.389894643801952,10.583031868616779,0,0,0,59.0,0.005712997983209789,9.683047429169134e-05,0.22483066201675683,0.003810689186724692,0.23054365999996662,0.003907519661016383,zero_sum_capture,-1,-1,-1,-1,-1,-1,0.5013375909589793,0.42460687868895597
0,0,0,0,0,0,0.08626482336151942,0.03391523292705367,2.713218634164294,0.08643661529386837,0.05220465720200233,4.176372576160187,80,1.0,0.001177365771905278,0.00018182482794726695,0.36082934701384234,1.1553135506555356,0.682856758407003,0.7454039625641522,0.15080199680534148,0.9744793977444127,80,1.0,0.0006275340953433653,0.00016875033563042686,0.1146676411967234,2.607997252121244,0.5777339747589587,0.9278239254296841,0.16675649985127522,1.0279369998885983,1,6.591730992131807,7.472023030447169,0,0,0,80,0.005577425006777048,6.97178125847131e-05,0.3296645759837702,0.004120807199797127,0.33524200099054724,0.004190525012381841,zero_sum_capture,-1,-1,-1,-1,80,80,-1,-1,0.8626482336151942,0.3391523292705367,0.8643661529386837,0.5220465720200234,0.03506594773406402,-0.633735168919977,0.8111897024148711,-13.856445507193317,5.679101939930104,-5.634422691107256,140,0.1,0.5,52,0.8564682772857928,0.42923188046171346,-0.5625277691819142,6.223211046710691,3.743617380420539,-3.355141305088549,1106,cartesian+auto_shell,2.0,0.022867799745368317,0.0,0.0,0.0,4.0,0.01,2.0,0.008726646259971648,0.008726646259971648,0.01,0,1,timeout_no_capture,0,1106,1106,0,0,0,0,0,0,0.08626482336151942,0.03391523292705367,2.713218634164294,0.08643661529386837,0.05220465720200233,4.176372576160187,6.591730992131807,7.472023030447169,0,0,0,80.0,0.005577425006777048,6.97178125847131e-05,0.3296645759837702,0.004120807199797127,0.33524200099054724,0.004190525012381841,zero_sum_capture,-1,-1,-1,-1,-1,-1,0.3391523292705367,0.5220465720200234
0,0,0,0,0,0,0.08521221266091916,0.040898466903859974,3.0264865508856382,0.08648081528857593,0.052979342145846556,3.920471318792645,74,1.0,0.0006260457819509275,0.00013634212282568573,0.04604866502587194,0.8902075733076154,0.1602745756788049,0.26118990843267226,0.08632576309682707,0.8594748081323411,74,1.0,0.0005737450844481899,0.00016018858145958005,0.18020851788548553,1.544267494838816,0.3074486433269982,0.39572996094548096,0.08360687295818575,0.85212657027069,1,8.281199048650599,8.097226370398264,0,0,0,74,0.0055432680528610945,7.490902774136614e-05,0.2840095430146903,0.0038379667974958146,0.2895528110675514,0.00391287582523718,zero_sum_capture,-1,-1,-1,-1,74,74,-1,-1,0.8521221266091915,0.40898466903859976,0.8648081528857593,0.5297934214584656,0.9239272455868965,-0.6443754187582929,0.7011206605383655,9.864375161063055,5.145614244324796,-11.498554549612054,120,0.1,0.5,69,-0.40390535833357055,0.011879555898884231,-0.2781459727598037,-6.728848901920364,-3.431682772888299,2.6355541734873897,1186,cartesian+auto_shell,2.0,0.020958514731324214,0.0,0.0,0.0,4.0,0.01,2.0,0.008726646259971648,0.008726646259971648,0.01,0,1,timeout_no_capture,0,1186,1186,0,0,0,0,0,0,0.08521221266091916,0.040898466903859974,3.0264865508856382,0.08648081528857593,0.052979342145846556,3.920471318792645,8.281199048650599,8.097226370398264,0,0,0,74.0,0.0055432680528610945,7.490902774136614e-05,0.2840095430146903,0.0038379667974958146,0.2895528110675514,0.00391287582523718,zero_sum_capture,-1,-1,-1,-1,-1,-1,0.40898466903859976,0.5297934214584656
0,0,0,0,0,0,0.08542640749120906,0.060738438327557015,2.6724912864125088,0.08627068614749091,0.07837854317756167,3.4486558998127133,44,1.0,0.001248838632159599,0.00021222393406322557,0.7440055111866322,1.859033748628428,0.8586884361696905,0.9894971304068185,0.15536802485846093,1.8101897319474085,44,1.0,0.0008551770428662597,0.00016147620944601592,0.1274068992229783,1.7199031336230521,0.5616615590491681,0.7124573945633189,0.1435910805214044,1.868789306694262,1,11.950225053070644,11.977526346062756,0,0,0,44,0.005571734975092113,0.00012663034034300256,0.16581514303106815,0.0037685259779788216,0.17138687800616026,0.003895156318321824,zero_sum_capture,-1,-1,-1,-1,44,44,-1,-1,0.8542640749120906,0.6073843832755702,0.862706861474909,0.7837854317756164,0.036646913739526665,0.257209236052232,-0.8679364591700054,15.271621333621535,2.864502587094979,3.817355992175965,131,0.1,0.5,23,-0.8984585236772051,-0.2870895208020108,-0.1651414743459012,-0.8527454903866077,-3.385553488009905,1.9521405452603215,1187,cartesian+auto_shell,2.0,0.02743785392790661,0.0,0.0,0.0,4.0,0.01,2.0,0.008726646259971648,0.008726646259971648,0.01,0,1,timeout_no_capture,0,1187,1187,0,0,0,0,0,0,0.08542640749120906,0.060738438327557015,2.6724912864125088,0.08627068614749091,0.07837854317756167,3.4486558998127133,11.950225053070644,11.977526346062756,0,0,0,44.0,0.005571734975092113,0.00012663034034300256,0.16581514303106815,0.0037685259779788216,0.17138687800616026,0.003895156318321824,zero_sum_capture,-1,-1,-1,-1,-1,-1,0.6073843832755702,0.7837854317756164
0,0,0,0,0,0,0.08658397000637748,0.044031446393443995,2.3336666588525317,0.08458700969208044,0.06492765289371007,3.441165603366634,53,1.0,0.000864777870606366,0.00018443885720525975,0.3803814744703223,1.7079949024495995,0.5823128337868455,0.7006941993905699,0.07154417831711567,0.9298958097276683,53,1.0,0.0006057910577202376,0.00016947556077641894,0.03980361982873628,0.957599341871635,0.20774467576673736,0.31215580690252576,0.06797419449977381,0.8706843134901545,1,6.551311969481077,6.493452656114145,0,0,0,53,0.005540722981095314,0.00010454194303953423,0.19937521102838218,0.003761796434497777,0.2049159340094775,0.0038663383775373113,zero_sum_capture,-1,-1,-1,-1,53,53,-1,-1,0.8658397000637748,0.44031446393443996,0.8458700969208043,0.6492765289371007,-0.04067305981219982,0.42002517878110357,-0.060215194937842886,-10.631066422805295,2.1428716166972945,5.136976537639134,108,0.1,0.5,27,0.8554239220276993,-0.07008994124198997,0.672789014718919,2.3084608217486458,3.2626403641915216,-0.16182239770741935,1192,cartesian+auto_shell,2.0,0.02552208803858969,0.0,0.0,0.0,4.0,0.01,2.0,0.008726646259971648,0.008726646259971648,0.01,0,1,timeout_no_capture,0,1192,1192,0,0,0,0,0,0,0.08658397000637748,0.044031446393443995,2.3336666588525317,0.08458700969208044,0.06492765289371007,3.441165603366634,6.551311969481077,6.493452656114145,0,0,0,53.0,0.005540722981095314,0.00010454194303953423,0.19937521102838218,0.003761796434497777,0.2049159340094775,0.0038663383775373113,zero_sum_capture,-1,-1,-1,-1,-1,-1,0.44031446393443996,0.6492765289371007
0,0,0,0,0,0,0.08537752257277423,0.04934817446097374,1.9245788039779759,0.08558891922830603,0.07640580607489052,2.9798264369207303,39,1.0,0.0008487935364472194,0.00014927755500465935,0.4372572337207373,2.698456665170373,1.285089594877647,1.4273398214291653,0.5075399581200074,2.0957033618173275,39,1.0,0.0008692878950781449,0.00017350490811521012,0.566489447148143,1.5627667158993417,0.522807187988068,0.6578620323592054,0.4610033562532831,2.086826731966378,1,7.152919809318491,7.275198150854312,0,0,0,39,0.005520478007383645,0.00014155071813804217,0.14783148898277432,0.0037905509995583156,0.15335196699015796,0.003932101717696358,zero_sum_capture,-1,-1,-1,-1,39,39,-1,-1,0.8537752257277422,0.49348174460973737,0.8558891922830602,0.764058060748905,-0.8580484158560946,-0.1862491409283087,-0.26948903577555283,7.7843371787410796,8.9931858705575,1.5895605006649893,101,0.1,0.5,31,-0.8931562298814242,-0.1849691274841414,-0.9367702330966388,1.2629924141410693,-3.416820479552357,1.6523280462225758,1194,cartesian+auto_shell,2.0,0.025837937701107844,0.0,0.0,0.0,4.0,0.01,2.0,0.008726646259971648,0.008726646259971648,0.01,0,1,timeout_no_capture,0,1194,1194,0,0,0,0,0,0,0.08537752257277423,0.04934817446097374,1.9245788039779759,0.08558891922830603,0.07640580607489052,2.9798264369207303,7.152919809318491,7.275198150854312,0,0,0,39.0,0.005520478007383645,0.00014155071813804217,0.14783148898277432,0.0037905509995583156,0.15335196699015796,0.003932101717696358,zero_sum_capture,-1,-1,-1,-1,-1,-1,0.49348174460973737,0.764058060748905
0,0,0,0,0,0,0.08305428150454458,0.06320706215585394,2.2122471754548876,0.0865927880985559,0.07868883109899194,2.754109088464718,35,1.0,0.0008846591243441033,0.00020015793541648766,0.6387691305304254,1.2495700169919712,0.559282990701833,0.6443854610083325,0.21746066218304783,1.8277068916361034,35,1.0,0.0003664592322841664,0.00011955556781142494,0.15656455090930688,1.0979073563217927,0.3427162134390735,0.4109570772286303,0.26237464818182515,1.8434228431392456,1,11.37641689465333,12.03442076323873,0,0,0,35,0.005539659061469138,0.0001582759731848325,0.1326573200058192,0.0037902091430234057,0.13819697906728834,0.003948485116208238,zero_sum_capture,-1,-1,-1,-1,35,35,-1,-1,0.8305428150454457,0.6320706215585393,0.865927880985559,0.7868883109899192,-0.5554125288426692,0.3409063908875707,-0.9432057928564135,-4.724770405097864,0.8295059735230568,15.263959658587972,155,0.1,0.5,26,0.48449767756589135,0.3927567724126224,-0.8644014150733352,1.4986103315690484,-3.661957834622831,-0.5867127845538833,1228,cartesian+auto_shell,2.0,0.024350708157424798,0.0,0.0,0.0,4.0,0.01,2.0,0.008726646259971648,0.008726646259971648,0.01,0,1,timeout_no_capture,0,1228,1228,0,0,0,0,0,0,0.08305428150454458,0.06320706215585394,2.2122471754548876,0.0865927880985559,0.07868883109899194,2.754109088464718,11.37641689465333,12.03442076323873,0,0,0,35.0,0.005539659061469138,0.0001582759731848325,0.1326573200058192,0.0037902091430234057,0.13819697906728834,0.003948485116208238,zero_sum_capture,-1,-1,-1,-1,-1,-1,0.6320706215585393,0.7868883109899192
0,0,0,0,0,0,0.07979873790176728,0.029682122500591355,2.4042519225478998,0.08660104344194841,0.0626777309782056,5.076896209234653,81,1.0,0.0007630219034179911,0.0001655652413287091,0.43548369105807383,2.4514606618505588,0.693188480743062,0.8620778683594117,0.13946677893886922,1.1055196367485203,81,1.0,0.0007876713267504599,0.00017678234515718,0.24592547244105173,1.4427086456616267,0.34217299809212476,0.3965017171446204,0.13738353784137655,1.1291598072266735,1,6.426278187868691,6.5780263208120715,0,0,0,81,0.005677598994225264,7.009381474352178e-05,0.30923621205147356,0.003817731012981155,0.3149138110456988,0.003887824827724677,zero_sum_capture,-1,-1,-1,-1,81,81,-1,-1,0.7979873790176728,0.29682122500591357,0.8660104344194841,0.6267773097820559,-0.38424873246294444,-0.4095217317570572,0.8108359449343432,8.26353512642553,12.259079729959799,-6.117920511809569,121,0.1,0.5,56,0.19648850453771294,-0.32956541614869717,0.8576073874065562,-2.580004541156652,-4.487858097854328,6.09940212325228,1240,cartesian+auto_shell,2.0,0.025296560808763028,0.0,0.0,0.0,4.0,0.01,2.0,0.008726646259971648,0.008726646259971648,0.01,0,1,timeout_no_capture,0,1240,1240,0,0,0,0,0,0,0.07979873790176728,0.029682122500591355,2.4042519225478998,0.08660104344194841,0.0626777309782056,5.076896209234653,6.426278187868691,6.5780263208120715,0,0,0,81.0,0.005677598994225264,7.009381474352178e-05,0.30923621205147356,0.003817731012981155,0.3149138110456988,0.003887824827724677,zero_sum_capture,-1,-1,-1,-1,-1,-1,0.29682122500591357,0.6267773097820559
0,0,0,0,0,0,0.08303461122354294,0.041869320538862435,2.3446819501762963,0.07998947677967046,0.055453572904089254,3.1054000826289982,56,1.0,0.000640620507359118,0.00018841962720975356,0.6148704353478407,1.366991514979777,0.6059028523278679,0.7023917291900723,0.390242377326652,1.4080576045875128,56,1.0,0.0007256614594355118,0.00017891027598256304,0.06612618141655867,1.0872287684716133,0.4048599881912332,0.4504196188700446,0.331186859123364,1.3192121548264286,1,4.949066713392221,5.440745324841846,0,0,0,56,0.005595848895609379,9.992587313588177e-05,0.2370798080228269,0.004233568000407624,0.2426756569184363,0.004333493873543505,zero_sum_capture,-1,-1,-1,-1,56,56,-1,-1,0.8303461122354293,0.41869320538862437,0.7998947677967045,0.5545357290408925,-0.5634106397217886,0.5757791488329649,-0.40795884692618745,0.9905788969779052,0.6668130065446618,11.940440270909818,90,0.1,0.5,0,-0.7398608961443331,-0.3287977041484367,-0.8845192624515117,-2.953199756794835,-0.22683444424194926,-2.688337280062226,1277,cartesian+auto_shell,2.0,0.027042238751772425,0.0,0.0,0.0,4.0,0.01,2.0,0.008726646259971648,0.008726646259971648,0.01,0,1,timeout_no_capture,0,1277,1277,0,0,0,0,0,0,0.08303461122354294,0.041869320538862435,2.3446819501762963,0.07998947677967046,0.055453572904089254,3.1054000826289982,4.949066713392221,5.440745324841846,0,0,0,56.0,0.005595848895609379,9.992587313588177e-05,0.2370798080228269,0.004233568000407624,0.2426756569184363,0.004333493873543505,zero_sum_capture,-1,-1,-1,-1,-1,-1,0.41869320538862437,0.5545357290408925
0,0,0,0,0,0,0.08041067948585084,0.02598802868078047,1.5073056634852673,0.08057735660611856,0.05875398901828491,3.407731363060525,58,1.0,0.0006664934902025926,0.00017205314217977764,0.4875235892829978,1.5009361112212731,0.5291969894540058,0.6343096165120047,0.10367319558416706,0.8965748663709634,58,1.0,0.0009062935332370411,0.00017850531692650858,0.06004541973717665,0.8145764385805415,0.16429786654640308,0.2542238560050174,0.09851585325363499,0.9021866947677238,1,4.542826466753897,5.257565636937255,0,0,0,58,0.005719830980524421,9.861777552628312e-05,0.21974327706266195,0.003788677190735551,0.22546310804318637,0.003887294966261834,zero_sum_capture,-1,-1,-1,-1,58,58,-1,-1,0.8041067948585083,0.25988028680780473,0.8057735660611856,0.587539890182849,0.17796478896561463,-0.4917188103410852,0.1378714244932575,-9.211598954496102,7.617650360807834,1.0572831607523894,116,0.1,0.5,34,0.8989241847961014,0.4301668511393619,0.8392248356389687,3.211925627293497,-2.3838528463051576,-0.02791723299454619,1330,cartesian+auto_shell,2.0,0.023878780738764867,0.0,0.0,0.0,4.0,0.01,2.0,0.008726646259971648,0.008726646259971648,0.01,0,1,timeout_no_capture,0,1330,1330,0,0,0,0,0,0,0.08041067948585084,0.02598802868078047,1.5073056634852673,0.08057735660611856,0.05875398901828491,3.407731363060525,4.542826466753897,5.257565636937255,0,0,0,58.0,0.005719830980524421,9.861777552628312e-05,0.21974327706266195,0.003788677190735551,0.22546310804318637,0.003887294966261834,zero_sum_capture,-1,-1,-1,-1,-1,-1,0.25988028680780473,0.587539890182849
0,0,0,0,0,0,0.08623518218384206,0.06840989434994248,1.5050176756987346,0.08653868952605032,0.05754608090543627,1.2660137799195978,22,1.0,0.0015789330367302222,0.0002370664710642726,0.1390377884662825,1.2609955366508265,0.41568281961044784,0.5201620305895323,0.32590505024779126,2.0511122973616787,22,1.0,0.0006000741420537577,0.00019007794025210459,0.09607711385490855,1.419683021988102,0.620829940710843,0.7348432437386826,0.37837175295419667,2.192096175551418,1,13.790195753596418,14.604759134123329,0,0,0,22,0.005539797013625503,0.0002518089551647956,0.0847035200567916,0.0038501600025814364,0.0902433170704171,0.004101968957746232,zero_sum_capture,-1,-1,-1,-1,22,22,-1,-1,0.8623518218384205,0.6840989434994246,0.8653868952605032,0.5754608090543627,-0.48559636716491705,-0.5884541936927599,0.29524752068527604,6.574700360975447,-2.939207817567469,-14.287560063514684,125,0.1,0.5,20,0.38418029580465807,0.5440817373436031,-0.9030924785280514,-2.1308192248521682,-0.37419436976271236,3.3644595412396168,1359,cartesian+auto_shell,2.0,0.026604020788394935,0.0,0.0,0.0,4.0,0.01,2.0,0.008726646259971648,0.008726646259971648,0.01,0,1,timeout_no_capture,0,1359,1359,0,0,0,0,0,0,0.08623518218384206,0.06840989434994248,1.5050176756987346,0.08653868952605032,0.05754608090543627,1.2660137799195978,13.790195753596418,14.604759134123329,0,0,0,22.0,0.005539797013625503,0.0002518089551647956,0.0847035200567916,0.0038501600025814364,0.0902433170704171,0.004101968957746232,zero_sum_capture,-1,-1,-1,-1,-1,-1,0.6840989434994246,0.5754608090543627
0,0,0,0,0,0,0.07767090975480978,0.05417259489417155,2.708629744708577,0.08557285047804782,0.06372208779361958,3.186104389680979,50,1.0,0.0012587050139146855,0.00020872616858563054,0.3124542899891945,1.6260686412279959,0.37512050984257156,0.512343045302236,0.17318284378807275,1.6479376547730686,50,1.0,0.0006590740179856992,0.0001577692496650225,0.5032618580973044,1.2329375330970047,0.5117448966280647,0.5986458480345713,0.18390661396949648,1.752912200880841,1,6.864102087254477,7.75846269964682,0,0,0,50,0.006435431074351072,0.00012870862148702143,0.18958915793336928,0.0037917831586673856,0.19602458900772035,0.003920491780154407,zero_sum_capture,-1,-1,-1,-1,50,50,-1,-1,0.7767090975480977,0.5417259489417154,0.8557285047804781,0.6372208779361956,0.41480223931409355,0.5252918708331817,-0.5304842819024889,-9.211598954496102,7.617650360807834,1.0572831607523894,116,0.1,0.5,26,0.9322070906875439,-0.3407093596593984,0.23369479559622097,1.4986103315690484,-3.661957834622831,-0.5867127845538833,1430,cartesian+auto_shell,2.0,0.029257633115508774,0.0,0.0,0.0,4.0,0.01,2.0,0.008726646259971648,0.008726646259971648,0.01,0,1,timeout_no_capture,0,1430,1430,0,0,0,0,0,0,0.07767090975480978,0.05417259489417155,2.708629744708577,0.08557285047804782,0.06372208779361958,3.186104389680979,6.864102087254477,7.75846269964682,0,0,0,50.0,0.006435431074351072,0.00012870862148702143,0.18958915793336928,0.0037917831586673856,0.19602458900772035,0.003920491780154407,zero_sum_capture,-1,-1,-1,-1,-1,-1,0.5417259489417154,0.6372208779361956
0,0,0,0,0,0,0.08452672033127676,0.0320659387699515,2.4049454077463626,0.08139835828425351,0.047951507126368115,3.5963630344776085,75,1.0,0.0010459860959393932,0.000220681937282145,0.04407484988887491,1.4690759991317266,0.46640552289528175,0.6442889391386143,0.3095430848593552,1.397353198170883,75,1.0,0.0006469478774841734,0.00014938559879327813,0.3182335652862607,1.5701753420687277,0.3595023015722913,0.4928517652245134,0.32072148571075865,1.557034369755664,1,7.546760206215162,7.220633589788329,0,0,0,75,0.005632883054204285,7.510510738939046e-05,0.2839170970255509,0.003785561293674012,0.2895499800797552,0.0038606664010634026,zero_sum_capture,-1,-1,-1,-1,75,75,-1,-1,0.8452672033127675,0.320659387699515,0.8139835828425351,0.47951507126368115,-0.2557658804309284,0.8843058557973336,0.05697546796707331,14.526374879869811,-6.374338583282279,2.0862024051290433,136,0.1,0.5,73,0.8792158205448399,0.5323105604150331,-0.5541090971985785,-1.8562020329346078,5.0119377643338066,-5.952729950146747,1432,cartesian+auto_shell,2.0,0.025667589074863398,0.0,0.0,0.0,4.0,0.01,2.0,0.008726646259971648,0.008726646259971648,0.01,0,1,timeout_no_capture,0,1432,1432,0,0,0,0,0,0,0.08452672033127676,0.0320659387699515,2.4049454077463626,0.08139835828425351,0.047951507126368115,3.5963630344776085,7.546760206215162,7.220633589788329,0,0,0,75.0,0.005632883054204285,7.510510738939046e-05,0.2839170970255509,0.003785561293674012,0.2895499800797552,0.0038606664010634026,zero_sum_capture,-1,-1,-1,-1,-1,-1,0.320659387699515,0.47951507126368115
0,0,0,0,0,0,0.08645479737183043,0.04994504872658929,2.597142533782643,0.08629779602332711,0.06315190515615485,3.2838990681200517,52,1.0,0.0008021040673418022,0.00019911476299422053,0.21561212561644538,2.5790488138273946,0.8405036481942412,1.0487588396156546,0.05644376211480892,1.7531924726035493,52,1.0,0.0006572254616024486,0.0001914362105790954,0.03846489704364116,1.9312312927143716,0.6818719988420511,0.9054635767861425,0.0544773541850426,1.3642812191914813,1,5.457154281851054,5.778335152177515,0,0,0,52,0.005509058013558388,0.0001059434233376613,0.19837118999566883,0.003814830576839785,0.20388024800922722,0.003920774000177447,zero_sum_capture,-1,-1,-1,-1,52,52,-1,-1,0.8645479737183042,0.4994504872658928,0.8629779602332711,0.6315190515615483,-0.9614309720832894,-0.427963151022283,0.3579183408550717,10.43961010186421,-2.470384510720886,-5.376963947270345,91,0.1,0.5,17,-0.7309688539233807,-0.16773283728103983,0.7687609694645674,-1.6436879909112274,2.9511063117849465,2.142256129662665,1453,cartesian+auto_shell,2.0,0.027436131351996795,0.0,0.0,0.0,4.0,0.01,2.0,0.008726646259971648,0.008726646259971648,0.01,0,1,timeout_no_capture,0,1453,1453,0,0,0,0,0,0,0.08645479737183043,0.04994504872658929,2.597142533782643,0.08629779602332711,0.06315190515615485,3.2838990681200517,5.457154281851054,5.778335152177515,0,0,0,52.0,0.005509058013558388,0.0001059434233376613,0.19837118999566883,0.003814830576839785,0.20388024800922722,0.003920774000177447,zero_sum_capture,-1,-1,-1,-1,-1,-1,0.4994504872658928,0.6315190515615483
0,0,0,0,0,0,0.08657436102563783,0.03944633901079257,2.6429047137231025,0.0866008645077147,0.05402032775417076,3.619361959529441,67,1.0,0.0005491261509633517,0.00015426147667528558,0.3506247925093968,1.6816051440122448,0.4141611220813433,0.570938115233655,0.24084282137014607,1.4744424861806584,67,1.0,0.0008958673897623947,0.0001912738551347308,0.1661629986234305,1.6150622063832252,0.5527485495958158,0.6918150641102201,0.23662516017017976,1.6182646960885307,1,7.15479933168466,7.469204510459935,0,0,0,67,0.005556641961447895,8.293495464847604e-05,0.2591975419782102,0.0038686200295255254,0.2647541839396581,0.003951554984174001,zero_sum_capture,-1,-1,-1,-1,67,67,-1,-1,0.8657436102563782,0.39446339010792575,0.866008645077147,0.5402032775417076,-0.4625539573685482,-0.10079318860010522,-0.2799664988016697,11.394901946482545,-5.42112311385982,9.837054122775939,144,0.1,0.5,78,0.3091873791658326,-0.5540740746738202,-0.8581878877952156,-5.158914460007318,5.128306767482482,-3.3295752421173472,1498,cartesian+auto_shell,2.0,0.023262966334098856,0.0,0.0,0.0,4.0,0.01,2.0,0.008726646259971648,0.008726646259971648,0.01,0,1,timeout_no_capture,0,1498,1498,0,0,0,0,0,0,0.08657436102563783,0.03944633901079257,2.6429047137231025,0.0866008645077147,0.05402032775417076,3.619361959529441,7.15479933168466,7.469204510459935,0,0,0,67.0,0.005556641961447895,8.293495464847604e-05,0.2591975419782102,0.0038686200295255254,0.2647541839396581,0.003951554984174001,zero_sum_capture,-1,-1,-1,-1,-1,-1,0.39446339010792575,0.5402032775417076
0,0,0,0,0,0,0.08470539937167143,0.03093137225146352,2.3507842911112276,0.08380503076611028,0.04949300320715347,3.7614682437436637,76,1.0,0.0007172923853546806,0.00020338037213303364,0.5494302994200319,3.2210842549572325,0.9324062669072574,1.1511636042239852,0.1554615109967135,1.2712454245914284,76,1.0,0.001240606003418067,0.00020489996025080517,0.08698008845594293,1.3791101754462771,0.46010500006540633,0.5591967126869766,0.15030935058937195,1.2305459548029365,1,6.171044035499798,6.538651501046123,0,0,0,76,0.005524412961676717,7.268964423258837e-05,0.2907135400455445,0.003825178158494007,0.2962379530072212,0.003897867802726595,zero_sum_capture,-1,-1,-1,-1,76,76,-1,-1,0.8470539937167142,0.3093137225146351,0.8380503076611027,0.4949300320715346,-0.1281469363772303,0.8257243628705526,0.3169873930485476,6.574700360975447,-2.939207817567469,-14.287560063514684,125,0.1,0.5,59,0.2287956890134495,0.6696546749044388,0.4933805528550499,-1.8023502839490153,2.477404549237065,7.390128561355913,1527,cartesian+auto_shell,2.0,0.02595221875570097,0.0,0.0,0.0,4.0,0.01,2.0,0.008726646259971648,0.008726646259971648,0.01,0,1,timeout_no_capture,0,1527,1527,0,0,0,0,0,0,0.08470539937167143,0.03093137225146352,2.3507842911112276,0.08380503076611028,0.04949300320715347,3.7614682437436637,6.171044035499798,6.538651501046123,0,0,0,76.0,0.005524412961676717,7.268964423258837e-05,0.2907135400455445,0.003825178158494007,0.2962379530072212,0.003897867802726595,zero_sum_capture,-1,-1,-1,-1,-1,-1,0.3093137225146351,0.4949300320715346
0,0,0,0,0,0,0.06755015660323356,0.05220699371170521,3.1324196227023124,0.08540639710658215,0.06597097489827107,3.958258493896264,60,1.0,0.0012022471049732875,0.0002176779246567658,0.6036053547956904,1.1612406743506336,0.5811455079494879,0.6152338445311842,0.07447959882201956,0.6465835465714778,60,1.0,0.0005555792232804556,0.00014725919551518288,0.5711951203370462,0.5711951203370462,0.31654609257538346,0.341772389184201,0.07321305028489594,0.6454879367755934,1,6.808001324294986,7.308821663339994,0,0,0,60,0.0057355460012331605,9.559243335388601e-05,0.22684783407021314,0.0037807972345035522,0.2325833800714463,0.0038763896678574382,zero_sum_capture,-1,-1,-1,-1,60,60,-1,-1,0.6755015660323356,0.522069937117052,0.8540639710658214,0.6597097489827105,0.8901892238000904,-0.7216871823049604,0.9429240221460349,-6.3592287118629365,-9.703117378091417,-3.0675272349562643,97,0.1,0.5,17,-0.6726816081356333,0.9774197486212304,-0.9076717022947596,-1.6436879909112274,2.9511063117849465,2.142256129662665,1543,cartesian+auto_shell,2.0,0.027244276548563262,0.0,0.0,0.0,4.0,0.01,2.0,0.008726646259971648,0.008726646259971648,0.01,0,1,timeout_no_capture,0,1543,1543,0,0,0,0,0,0,0.06755015660323356,0.05220699371170521,3.1324196227023124,0.08540639710658215,0.06597097489827107,3.958258493896264,6.808001324294986,7.308821663339994,0,0,0,60.0,0.0057355460012331605,9.559243335388601e-05,0.22684783407021314,0.0037807972345035522,0.2325833800714463,0.0038763896678574382,zero_sum_capture,-1,-1,-1,-1,-1,-1,0.522069937117052,0.6597097489827105
0,0,0,0,0,0,0.0809004000906429,0.059445188855461656,1.723910476808388,0.07962322454713894,0.0633597312554166,1.8374322064070814,29,1.0,0.0004769464046025925,0.00016025527990945365,0.3634862927208476,1.1960119134592206,0.4683098265216501,0.5513740932321304,0.15043307452223326,1.6950407567274917,29,1.0,0.0007594233692615495,0.0002293374896494118,0.07290526208044779,0.8759292646859352,0.24767590949530635,0.31621917508906194,0.13425174596005537,1.6481084198153702,1,11.003927009082677,10.862628756567434,0,0,0,29,0.0055675930343568325,0.00019198596670195973,0.11132859194185585,0.0038389169635122708,0.11689618497621268,0.0040309029302142306,zero_sum_capture,-1,-1,-1,-1,29,29,-1,-1,0.8090040009064289,0.5944518885546164,0.7962322454713893,0.6335973125541657,0.7861147490753095,-0.09332158412097669,0.7625101536139609,10.43961010186421,-2.470384510720886,-5.376963947270345,91,0.1,0.5,2,0.7459081381938966,0.015535400460319426,-0.5189386476817919,-3.7194178893800993,-1.1215103738625236,-0.952966445095536,1581,cartesian+auto_shell,2.0,0.021175060663809232,0.0,0.0,0.0,4.0,0.01,2.0,0.008726646259971648,0.008726646259971648,0.01,0,1,timeout_no_capture,0,1581,1581,0,0,0,0,0,0,0.0809004000906429,0.059445188855461656,1.723910476808388,0.07962322454713894,0.0633597312554166,1.8374322064070814,11.003927009082677,10.862628756567434,0,0,0,29.0,0.0055675930343568325,0.00019198596670195973,0.11132859194185585,0.0038389169635122708,0.11689618497621268,0.0040309029302142306,zero_sum_capture,-1,-1,-1,-1,-1,-1,0.5944518885546164,0.6335973125541657
0,0,0,0,0,0,0.08102774266168934,0.047134548850397244,3.25228387067741,0.08627749670985674,0.05363897770150682,3.7010894614039707,69,1.0,0.0010066488466849695,0.00020704100419735794,0.18083382788575844,1.9194213336552641,0.6273716241210269,0.8571791112230434,0.24172674313240503,1.7404087850298695,69,1.0,0.0012211039358361743,0.00013204078236113997,0.42182352323252537,1.1551863161216944,0.3975810002369764,0.4880104740052913,0.24273192923995437,1.658760656200846,1,8.794273094886965,9.068367349183516,0,0,0,69,0.005471804994158447,7.930152165447025e-05,0.2612460140371695,0.0037861741164807177,0.26671781903132796,0.003865475638135188,zero_sum_capture,-1,-1,-1,-1,69,69,-1,-1,0.8102774266168934,0.4713454885039725,0.8627749670985674,0.5363897770150682,-0.18660193136646064,-0.1778494140242859,0.7910273954776579,-15.284349087179383,0.5982744709349291,4.6936915789883695,153,0.1,0.5,57,0.7876669007149679,-0.19260021181170295,-0.7411237503445296,4.014376001183626,6.897573265587014,-0.5552192062422474,1612,cartesian+auto_shell,2.0,0.020330438088008274,0.0,0.0,0.0,4.0,0.01,2.0,0.008726646259971648,0.008726646259971648,0.01,0,1,timeout_no_capture,0,1612,1612,0,0,0,0,0,0,0.08102774266168934,0.047134548850397244,3.25228387067741,0.08627749670985674,0.05363897770150682,3.7010894614039707,8.794273094886965,9.068367349183516,0,0,0,69.0,0.005471804994158447,7.930152165447025e-05,0.2612460140371695,0.0037861741164807177,0.26671781903132796,0.003865475638135188,zero_sum_capture,-1,-1,-1,-1,-1,-1,0.4713454885039725,0.5363897770150682
0,0,0,0,0,0,0.08659956887220444,0.06297733440390679,1.7633653633093902,0.08646711180982058,0.07123658837144801,1.9946244744005444,28,1.0,0.0005567941809617453,0.0001455090526836212,0.19690728554455764,1.438733321845944,0.5950273342909621,0.6938617304600476,0.3966797641680321,1.859148814598309,28,1.0,0.0008640128102203712,0.00019796704881926163,0.08436535914510394,1.1581560821760921,0.37679991827681153,0.46161489524067817,0.33339510237684883,1.8030262744301142,1,9.879928135349683,10.005241997054846,0,0,0,28,0.00557886203750968,0.00019924507276820286,0.10644805594347417,0.003801716283695506,0.11202691798098385,0.004000961356463709,zero_sum_capture,-1,-1,-1,-1,28,28,-1,-1,0.8659956887220442,0.6297733440390679,0.8646711180982057,0.7123658837144801,0.036295682530108175,0.42166625858919393,0.1682611134433869,10.43961010186421,-2.470384510720886,-5.376963947270345,91,0.1,0.5,14,-0.5526237614875729,-0.6380015840684807,0.9320151358480231,-0.23358233584262192,3.882052870426716,-0.93547036489351,1672,cartesian+auto_shell,2.0,0.025035152338199352,0.0,0.0,0.0,4.0,0.01,2.0,0.008726646259971648,0.008726646259971648,0.01,0,1,timeout_no_capture,0,1672,1672,0,0,0,0,0,0,0.08659956887220444,0.06297733440390679,1.7633653633093902,0.08646711180982058,0.07123658837144801,1.9946244744005444,9.879928135349683,10.005241997054846,0,0,0,28.0,0.00557886203750968,0.00019924507276820286,0.10644805594347417,0.003801716283695506,0.11202691798098385,0.004000961356463709,zero_sum_capture,-1,-1,-1,-1,-1,-1,0.6297733440390679,0.7123658837144801
0,0,0,0,0,0,0.08651713396933164,0.03937683425664876,2.401986889655574,0.08400467961207242,0.04518185075386966,2.756092895986049,61,1.0,0.0010411086870332701,0.00016545768990762838,0.6620483708265145,1.1354516706917888,0.46950218390840504,0.5508622923823429,0.19553651447192955,2.030023666412469,61,1.0,0.0005363392255104325,0.00015170936024070845,0.3735755720648272,1.1735253981511033,0.31443969643307973,0.40862778049872284,0.18140921343570962,2.1338092135046542,1,9.300473384257431,9.553900640313373,0,0,0,61,0.0055634630843997,9.120431285901147e-05,0.23416424391325563,0.003838758096938617,0.23972770699765533,0.0039299624097976285,zero_sum_capture,-1,-1,-1,-1,61,61,-1,-1,0.8651713396933164,0.3937683425664875,0.8400467961207241,0.45181850753869657,0.011946760833406955,-0.2998817547509085,-0.006566540379395969,8.26353512642553,12.259079729959799,-6.117920511809569,121,0.1,0.5,66,0.3345803168723287,0.07103697129871689,0.029068208282808206,-4.222219204125976,-6.192286280513972,-2.797937742779182,1695,cartesian+auto_shell,2.0,0.02857742645040944,0.0,0.0,0.0,4.0,0.01,2.0,0.008726646259971648,0.008726646259971648,0.01,0,1,timeout_no_capture,0,1695,1695,0,0,0,0,0,0,0.08651713396933164,0.03937683425664876,2.401986889655574,0.08400467961207242,0.04518185075386966,2.756092895986049,9.300473384257431,9.553900640313373,0,0,0,61.0,0.0055634630843997,9.120431285901147e-05,0.23416424391325563,0.003838758096938617,0.23972770699765533,0.0039299624097976285,zero_sum_capture,-1,-1,-1,-1,-1,-1,0.3937683425664875,0.45181850753869657
0,0,0,0,0,0,0.07852555579234723,0.05121830616197898,1.7414224095072852,0.0811770146165803,0.07157715905289747,2.433623407798514,34,1.0,0.0005701189341248188,0.0002036697006969865,0.027417731465029595,1.7971077823304693,0.4727711349103899,0.6931024753105,0.06238910060711006,1.3398132160224334,34,1.0,0.000869741617323115,0.00017363857156538144,0.028363863490669928,1.210805435974204,0.33877328772914056,0.47590030739406025,0.06461419673761956,1.4150458632622727,1,7.63241451656629,7.915175477358889,0,0,0,34,0.0056280799908563495,0.00016553176443695147,0.13100762199610472,0.0038531653528266095,0.13663570198696107,0.004018697117263561,zero_sum_capture,-1,-1,-1,-1,34,34,-1,-1,0.7852555579234722,0.5121830616197897,0.811770146165803,0.7157715905289747,0.746906281680541,0.42819077365929004,-0.7547207558585898,-6.440050662903671,-9.275660370547971,4.060526092697822,92,0.1,0.5,16,-0.02487365662883878,0.9037320029079132,0.22847675577433968,1.5409992759505766,-0.255204063195616,-3.6824166138078733,1819,cartesian+auto_shell,2.0,0.025265810456652955,0.0,0.0,0.0,4.0,0.01,2.0,0.008726646259971648,0.008726646259971648,0.01,0,1,timeout_no_capture,0,1819,1819,0,0,0,0,0,0,0.07852555579234723,0.05121830616197898,1.7414224095072852,0.0811770146165803,0.07157715905289747,2.433623407798514,7.63241451656629,7.915175477358889,0,0,0,34.0,0.0056280799908563495,0.00016553176443695147,0.13100762199610472,0.0038531653528266095,0.13663570198696107,0.004018697117263561,zero_sum_capture,-1,-1,-1,-1,-1,-1,0.5121830616197897,0.7157715905289747
0,0,0,0,0,0,0.08657673466940531,0.06029030452872502,3.014515226436251,0.08331206720365662,0.06424075332828948,3.212037666414474,50,1.0,0.0010597488907823686,0.00017058890060413063,0.25284331286479367,1.4778490501793071,0.2956090677432001,0.4402995334650665,0.061801651656124265,0.8756128941594924,50,1.0,0.001041722039801975,0.00019930235844029797,0.12364839237855471,1.8170592603759677,0.35610632411441834,0.5239324311654646,0.06360176647449203,0.9008230086572389,1,7.784423748112839,7.635913616591463,0,0,0,50,0.006018455023877323,0.00012036910047754645,0.19234917405992746,0.0038469834811985493,0.1983676290838048,0.003967352581676096,zero_sum_capture,-1,-1,-1,-1,50,50,-1,-1,0.8657673466940531,0.6029030452872501,0.8331206720365661,0.6424075332828947,-0.4652353059592471,-0.905504078075146,0.21043282567522104,8.339462307208636,-5.973645924913575,6.226469528585991,80,0.1,0.5,11,0.004652410145759012,0.646434553184509,-0.4493023143323194,0.48659034189143324,1.8464403415265482,-3.514809796327719,1820,cartesian+auto_shell,2.0,0.02642637530491829,0.0,0.0,0.0,4.0,0.01,2.0,0.008726646259971648,0.008726646259971648,0.01,0,1,timeout_no_capture,0,1820,1820,0,0,0,0,0,0,0.08657673466940531,0.06029030452872502,3.014515226436251,0.08331206720365662,0.06424075332828948,3.212037666414474,7.784423748112839,7.635913616591463,0,0,0,50.0,0.006018455023877323,0.00012036910047754645,0.19234917405992746,0.0038469834811985493,0.1983676290838048,0.003967352581676096,zero_sum_capture,-1,-1,-1,-1,-1,-1,0.6029030452872501,0.6424075332828947
0,0,0,0,0,0,0.08604021204999474,0.027766392287216227,1.9991802446795683,0.08659764711471218,0.04972175778150808,3.5799665602685815,72,1.0,0.0005302045149569732,0.0001571499394781163,0.3148061149570914,0.8971700627875508,0.33045787331936916,0.38502291594805976,0.2189731362146914,1.6448180321538186,72,1.0,0.0007017817204701437,0.00015040623965257785,0.31208438983102793,0.6082556509677206,0.23523436727053837,0.26969799527438915,0.21256496724822863,1.5956145781057043,1,7.078509814129341,7.3538731634854555,0,0,0,72,0.005567678017541766,7.732886135474675e-05,0.2751784020802006,0.003821922251113897,0.2807460800977424,0.003899251112468644,zero_sum_capture,-1,-1,-1,-1,72,72,-1,-1,0.8604021204999474,0.27766392287216224,0.8659764711471217,0.49721757781508075,-0.5924432282613179,-0.4650973123152802,0.35538322244958387,14.044687693165379,-4.462347313578919,-6.231709561143237,128,0.1,0.5,74,-0.2722661876958763,-0.836507506771913,0.47213819354438935,-7.181594404073753,-3.127221648224926,-1.6264029569113463,1876,cartesian+auto_shell,2.0,0.022426983751973464,0.0,0.0,0.0,4.0,0.01,2.0,0.008726646259971648,0.008726646259971648,0.01,0,1,timeout_no_capture,0,1876,1876,0,0,0,0,0,0,0.08604021204999474,0.027766392287216227,1.9991802446795683,0.08659764711471218,0.04972175778150808,3.5799665602685815,7.078509814129341,7.3538731634854555,0,0,0,72.0,0.005567678017541766,7.732886135474675e-05,0.2751784020802006,0.003821922251113897,0.2807460800977424,0.003899251112468644,zero_sum_capture,-1,-1,-1,-1,-1,-1,0.27766392287216224,0.49721757781508075
0,0,0,0,0,0,0.0853188068397561,0.04497977475270687,1.5742921163447403,0.0865998510702014,0.059215697894245335,2.0725494262985866,35,1.0,0.0005291293365208716,0.00016454563705409528,0.20060115418726993,1.2766651322255984,0.3613254653917916,0.5007475109693054,0.09797517340742584,1.7100496203062476,35,1.0,0.0010933564533310547,0.0001805483610965027,0.19973437044408476,2.0117625280025253,0.6453805573364022,0.8686092920579901,0.09350776891375592,1.7870944076835404,1,8.068611765901428,8.316961643025998,0,0,0,35,0.0057054589269682765,0.00016301311219909362,0.13472715998068452,0.0038493474280195577,0.1404326189076528,0.0040123605402186515,zero_sum_capture,-1,-1,-1,-1,35,35,-1,-1,0.8531880683975609,0.4497977475270686,0.865998510702014,0.5921569789424532,-0.435556324506299,-0.601603488945808,0.6444314452877529,6.1727757867188275,-2.2007699125841773,-10.052534549990963,99,0.1,0.5,9,-0.15963555425095532,-0.17590867304146252,0.680615280700912,-2.198656880246465,3.3391113135073747,0.1274502214668026,1900,cartesian+auto_shell,2.0,0.023636154014317297,0.0,0.0,0.0,4.0,0.01,2.0,0.008726646259971648,0.008726646259971648,0.01,0,1,timeout_no_capture,0,1900,1900,0,0,0,0,0,0,0.0853188068397561,0.04497977475270687,1.5742921163447403,0.0865998510702014,0.059215697894245335,2.0725494262985866,8.068611765901428,8.316961643025998,0,0,0,35.0,0.0057054589269682765,0.00016301311219909362,0.13472715998068452,0.0038493474280195577,0.1404326189076528,0.0040123605402186515,zero_sum_capture,-1,-1,-1,-1,-1,-1,0.4497977475270686,0.5921569789424532
0,0,0,0,0,0,0.08653656411807015,0.0635813054109365,2.034601773149968,0.08660235110869013,0.06645995502326862,2.126718560744596,32,1.0,0.0006118479320245848,0.000170443062026318,0.4209857421242312,1.357111453422447,0.6102429005279283,0.6912182953713546,0.24309567038953517,1.729135183592499,32,1.0,0.0013112157776815098,0.00027054133526048247,0.8996923010609533,2.6256050159203665,1.2182133846280823,1.422708328274582,0.2615964444136306,1.788367149833507,1,12.005089064933243,12.31797990383059,0,0,0,32,0.0055768599268049,0.00017427687271265313,0.12261387100443244,0.0038316834688885137,0.12819073093123734,0.004005960341601167,zero_sum_capture,-1,-1,-1,-1,32,32,-1,-1,0.8653656411807014,0.635813054109365,0.8660235110869013,0.6645995502326864,-0.22089041745058835,0.7574935279460191,0.8488506697937002,9.864375161063055,5.145614244324796,-11.498554549612054,120,0.1,0.5,28,-0.5352449454998724,-0.5149378888435452,-0.6380276923920856,-0.5117744991053579,-1.7132199910242798,3.5781229890013875,1921,cartesian+auto_shell,2.0,0.02201052705336973,0.0,0.0,0.0,4.0,0.01,2.0,0.008726646259971648,0.008726646259971648,0.01,0,1,timeout_no_capture,0,1921,1921,0,0,0,0,0,0,0.08653656411807015,0.0635813054109365,2.034601773149968,0.08660235110869013,0.06645995502326862,2.126718560744596,12.005089064933243,12.31797990383059,0,0,0,32.0,0.0055768599268049,0.00017427687271265313,0.12261387100443244,0.0038316834688885137,0.12819073093123734,0.004005960341601167,zero_sum_capture,-1,-1,-1,-1,-1,-1,0.635813054109365,0.6645995502326864
0,0,0,0,0,0,0.08659269217829242,0.06676650944040807,2.8041933964971393,0.08325992597461655,0.057563153767246536,2.4176524582243544,42,1.0,0.0008044712197222727,0.00018845929306542653,0.37469853480472026,1.0747793500061391,0.5058171261967302,0.5911939561603503,0.2449576175684548,2.4274406031580598,42,1.0,0.0008289721273007386,0.00016780616153917906,0.2661288720323002,1.739547555606778,0.5329304251519557,0.6819633775789755,0.2884942401784557,2.435798082987787,1,13.007724875794542,13.497408512663034,0,0,0,42,0.005575758987106383,0.00013275616635967578,0.15869704307988286,0.003778501025711497,0.16427280206698924,0.003911257192071173,zero_sum_capture,-1,-1,-1,-1,42,42,-1,-1,0.8659269217829242,0.6676650944040807,0.8325992597461654,0.5756315376724652,-0.2344203784995369,0.41159001096962133,-0.5704448845491354,-5.3872195722862095,7.605968889507114,-13.004887640107711,127,0.1,0.5,31,0.6691471932713347,-0.01877059617402943,0.58317309626873,1.2629924141410693,-3.416820479552357,1.6523280462225758,1935,cartesian+auto_shell,2.0,0.024472152774029463,0.0,0.0,0.0,4.0,0.01,2.0,0.008726646259971648,0.008726646259971648,0.01,0,1,timeout_no_capture,0,1935,1935,0,0,0,0,0,0,0.08659269217829242,0.06676650944040807,2.8041933964971393,0.08325992597461655,0.057563153767246536,2.4176524582243544,13.007724875794542,13.497408512663034,0,0,0,42.0,0.005575758987106383,0.00013275616635967578,0.15869704307988286,0.003778501025711497,0.16427280206698924,0.003911257192071173,zero_sum_capture,-1,-1,-1,-1,-1,-1,0.6676650944040807,0.5756315376724652
0,0,0,0,0,0,0.08660117420574001,0.06634362569906771,2.5874014022636405,0.08659367764573189,0.07647858191708908,2.982664694766474,39,1.0,0.0010918885939419348,0.00019930232259278796,0.8550605576767597,2.178896759670695,1.3043476823002913,1.3850671653988285,0.29590202863684817,1.9485053608298295,39,1.0,0.0007577457827883873,0.00018624831115096802,0.40322252745655823,0.9732450311773574,0.37759143402763357,0.4641175667133043,0.25098438399850015,1.8371174022534782,1,14.316507520318055,15.264196811594598,0,0,0,39,0.005603246041573584,0.0001436729754249637,0.14686415193136781,0.0037657474854196874,0.1524673979729414,0.003909420460844651,zero_sum_capture,-1,-1,-1,-1,39,39,-1,-1,0.8660117420574001,0.6634362569906772,0.8659367764573189,0.764785819170891,0.7808432894999462,0.6942056724803038,-0.08316734302635509,8.26353512642553,12.259079729959799,-6.117920511809569,121,0.1,0.5,23,-0.8500995458535361,-0.2783315850218795,-0.24457575129187625,-0.8527454903866077,-3.385553488009905,1.9521405452603215,2013,cartesian+auto_shell,2.0,0.026497822830605807,0.0,0.0,0.0,4.0,0.01,2.0,0.008726646259971648,0.008726646259971648,0.01,0,1,timeout_no_capture,0,2013,2013,0,0,0,0,0,0,0.08660117420574001,0.06634362569906771,2.5874014022636405,0.08659367764573189,0.07647858191708908,2.982664694766474,14.316507520318055,15.264196811594598,0,0,0,39.0,0.005603246041573584,0.0001436729754249637,0.14686415193136781,0.0037657474854196874,0.1524673979729414,0.003909420460844651,zero_sum_capture,-1,-1,-1,-1,-1,-1,0.6634362569906772,0.764785819170891
0,0,0,0,0,0,0.08653146615339274,0.07491985868282257,1.723156749704919,0.08251442712756406,0.046711582949386925,1.0743664078358992,23,1.0,0.0005131071476173536,0.0001524712753090558,0.6962170529823829,1.1702327371984569,0.659118861373736,0.7435795645256139,1.0522635911147398,3.2760810401320293,23,1.0,0.0007205614337762618,0.00018587490399834064,1.3801969052917469,1.8021572121838152,0.9432466380288456,1.0463118134118725,1.0671325101072626,3.3738959584983146,1,9.798344565475913,10.459064129061536,0,0,0,23,0.00575587002094835,0.0002502552183021022,0.08868928498122841,0.0038560558687490616,0.09444515500217676,0.004106311087051164,zero_sum_capture,-1,-1,-1,-1,23,23,-1,-1,0.8653146615339274,0.7491985868282257,0.8251442712756405,0.46711582949386926,0.12504287111200085,0.6211744595695985,-0.16503328772440629,-5.550650643710952,-1.3693224277974112,10.55060346711041,95,0.1,0.5,21,-0.12997924255060944,0.59464191191793,0.5809252522906292,1.7845891740694755,-2.4319160896931797,-2.626980322059048,2030,cartesian+auto_shell,2.0,0.02850700586624462,0.0,0.0,0.0,4.0,0.01,2.0,0.008726646259971648,0.008726646259971648,0.01,0,1,timeout_no_capture,0,2030,2030,0,0,0,0,0,0,0.08653146615339274,0.07491985868282257,1.723156749704919,0.08251442712756406,0.046711582949386925,1.0743664078358992,9.798344565475913,10.459064129061536,0,0,0,23.0,0.00575587002094835,0.0002502552183021022,0.08868928498122841,0.0038560558687490616,0.09444515500217676,0.004106311087051164,zero_sum_capture,-1,-1,-1,-1,-1,-1,0.7491985868282257,0.46711582949386926
0,0,0,0,0,0,0.08598689094384404,0.03290366188035782,1.7767977415393224,0.07682411640576238,0.0583464258633264,3.1507069966196255,54,1.0,0.0010819272504437013,0.00022295459251619868,0.3781816454173941,1.063234519812696,0.4101486796219569,0.47803835587385196,0.25973193552523954,1.302358945469896,54,1.0,0.0007397850106248569,0.00020706356180586765,0.11887017700745535,1.5619966519629223,0.4167805410310944,0.5124072244886253,0.2338610381557904,1.247160571182885,1,4.859336484514835,5.712011311245266,0,0,0,54,0.005684381001628935,0.00010526631484498028,0.20664986106567085,0.0038268492789939046,0.21233424206729978,0.003932115593838885,zero_sum_capture,-1,-1,-1,-1,54,54,-1,-1,0.8598689094384403,0.3290366188035781,0.7682411640576238,0.583464258633264,0.6947385593978614,-0.03508106909919961,-0.862362572725516,-5.550650643710952,-1.3693224277974112,10.55060346711041,95,0.1,0.5,3,0.33562066538355495,0.5642665139564633,-0.7565011140513405,-1.4918480457690548,0.6343422293526606,-3.656774445381468,2035,cartesian+auto_shell,2.0,0.024091935613421194,0.0,0.0,0.0,4.0,0.01,2.0,0.008726646259971648,0.008726646259971648,0.01,0,1,timeout_no_capture,0,2035,2035,0,0,0,0,0,0,0.08598689094384404,0.03290366188035782,1.7767977415393224,0.07682411640576238,0.0583464258633264,3.1507069966196255,4.859336484514835,5.712011311245266,0,0,0,54.0,0.005684381001628935,0.00010526631484498028,0.20664986106567085,0.0038268492789939046,0.21233424206729978,0.003932115593838885,zero_sum_capture,-1,-1,-1,-1,-1,-1,0.3290366188035781,0.583464258633264
0,0,0,0,0,0,0.0733872732184998,0.046588844029677084,1.584020697009021,0.08659605547943779,0.07966133119459808,2.7084852606163348,34,1.0,0.0009675691549604165,0.0002296402713654093,0.15905937079732854,2.2163963092004293,0.5124221072228236,0.7348301049659872,0.0688343053535641,1.3476568935680202,34,1.0,0.0007372891920220702,0.00018741223684947965,0.3084887081718036,2.366099397784702,0.5233019577550897,0.8084274904935556,0.07366272571422441,1.3549503600737833,1,7.5677755311015344,8.451237176591686,0,0,0,34,0.005583335994742811,0.00016421576455125913,0.1302611930295825,0.003831211559693603,0.1358445290243253,0.003995427324244862,zero_sum_capture,-1,-1,-1,-1,34,34,-1,-1,0.733872732184998,0.4658884402967709,0.8659605547943778,0.7966133119459807,0.5882159048611233,0.8096716925041254,-0.8293975746960593,-10.643929889244225,-5.271196162278637,-1.7091657414166703,105,0.1,0.5,27,0.4242345435906496,-0.38209341336014857,0.9016520216673867,2.3084608217486458,3.2626403641915216,-0.16182239770741935,2053,cartesian+auto_shell,2.0,0.0233509490903493,0.0,0.0,0.0,4.0,0.01,2.0,0.008726646259971648,0.008726646259971648,0.01,0,1,timeout_no_capture,0,2053,2053,0,0,0,0,0,0,0.0733872732184998,0.046588844029677084,1.584020697009021,0.08659605547943779,0.07966133119459808,2.7084852606163348,7.5677755311015344,8.451237176591686,0,0,0,34.0,0.005583335994742811,0.00016421576455125913,0.1302611930295825,0.003831211559693603,0.1358445290243253,0.003995427324244862,zero_sum_capture,-1,-1,-1,-1,-1,-1,0.4658884402967709,0.7966133119459807
0,0,0,0,0,0,0.08333991547125848,0.034668524250655156,2.5308022702978263,0.06889945969951454,0.04767189173612583,3.4800480967371854,73,1.0,0.0008644488092275227,0.00015737092922329008,0.2776512183305258,1.3341854602978527,0.3933425632103373,0.4657203958042041,0.14708864186340312,1.0821019181010412,73,1.0,0.0008409059293019111,0.00019511446919322922,0.38568506022057797,1.6007810918478738,0.3299885210501539,0.43821138998096887,0.14792239511463812,1.0674475740140554,1,7.3913008000438,7.34947602793815,0,0,0,73,0.005585493985563517,7.651361624059611e-05,0.2776768980547786,0.0038037931240380626,0.2832623920403421,0.0038803067402786587,zero_sum_capture,-1,-1,-1,-1,73,73,-1,-1,0.8333991547125847,0.3466852425065515,0.6889945969951454,0.47671891736125827,0.43771284878428207,0.07999555678669745,0.19419774379906052,-8.843662961701293,-12.968919084388434,-3.097864296966256,151,0.1,0.5,67,0.14626809288486697,0.7390985987210583,-0.8375829422666805,-3.277636570748005,5.477897242609229,4.821798451771856,2079,cartesian+auto_shell,2.0,0.02382556107409679,0.0,0.0,0.0,4.0,0.01,2.0,0.008726646259971648,0.008726646259971648,0.01,0,1,timeout_no_capture,0,2079,2079,0,0,0,0,0,0,0.08333991547125848,0.034668524250655156,2.5308022702978263,0.06889945969951454,0.04767189173612583,3.4800480967371854,7.3913008000438,7.34947602793815,0,0,0,73.0,0.005585493985563517,7.651361624059611e-05,0.2776768980547786,0.0038037931240380626,0.2832623920403421,0.0038803067402786587,zero_sum_capture,-1,-1,-1,-1,-1,-1,0.3466852425065515,0.47671891736125827
0,0,0,0,0,0,0.07229606949399303,0.04725107394011553,2.7878133624668164,0.07403238416211366,0.05959215394955234,3.515937083023588,59,1.0,0.0009809160984866649,0.00018317924146550555,0.4346188697655174,1.9570595586437645,0.7427079898347888,0.8918742363508575,0.18099482368078043,1.6420872912825233,59,1.0,0.0009326788826186368,0.00020361539729892155,0.21054056193372117,3.4022689639536576,0.8299757912358231,1.271265487529284,0.17856572748616625,1.6858496878141855,1,11.55275666911374,11.763539265195199,0,0,0,59,0.005588093074038625,9.471344193285805e-05,0.22221528191585094,0.0037663607104381513,0.22780337498988956,0.0038610741523710094,zero_sum_capture,-1,-1,-1,-1,59,59,-1,-1,0.7229606949399303,0.4725107394011553,0.7403238416211366,0.5959215394955234,-0.4703022969139874,0.6361238278805117,0.30408107738210766,0.20896227577733859,14.305252765094457,-7.163524139280848,124,0.1,0.5,26,-0.2070415409382933,-0.8143756276009066,0.3210969905786203,1.4986103315690484,-3.661957834622831,-0.5867127845538833,2081,cartesian+auto_shell,2.0,0.022413897903252333,0.0,0.0,0.0,4.0,0.01,2.0,0.008726646259971648,0.008726646259971648,0.01,0,1,timeout_no_capture,0,2081,2081,0,0,0,0,0,0,0.07229606949399303,0.04725107394011553,2.7878133624668164,0.07403238416211366,0.05959215394955234,3.515937083023588,11.55275666911374,11.763539265195199,0,0,0,59.0,0.005588093074038625,9.471344193285805e-05,0.22221528191585094,0.0037663607104381513,0.22780337498988956,0.0038610741523710094,zero_sum_capture,-1,-1,-1,-1,-1,-1,0.4725107394011553,0.5959215394955234
0,0,0,0,0,0,0.0865613956801769,0.0483194757762062,1.9327790310482478,0.08659963596676301,0.06267884932954047,2.507153973181619,40,1.0,0.0009083517890957507,0.00013955031761851794,0.39263252737069626,1.0590013943298975,0.2811785336741971,0.3959575038288245,0.182174928222338,1.5437986524118503,40,1.0,0.0009426184456618078,0.00025120905396056417,0.35456908230487655,1.5505146400843066,0.7470325669825183,0.872768224102112,0.17214628039830712,1.5167364225428561,1,10.859748106666785,11.301304458909062,0,0,0,40,0.005588680971413851,0.00013971702428534628,0.15350504498928785,0.003837626124732196,0.1590937259607017,0.003977343149017543,zero_sum_capture,-1,-1,-1,-1,40,40,-1,-1,0.8656139568017689,0.48319475776206183,0.8659963596676301,0.6267884932954046,0.5747292028205919,-0.7494225732901971,-0.9753978663089549,4.4098189006564805,-4.330204522985021,14.758144397333052,152,0.1,0.5,1,0.13472156198452745,0.6021650669473653,-0.44900470687272276,-2.9868864482039483,1.8873709244067427,-1.8751907474280147,2084,cartesian+auto_shell,2.0,0.02942029651576954,0.0,0.0,0.0,4.0,0.01,2.0,0.008726646259971648,0.008726646259971648,0.01,0,1,timeout_no_capture,0,2084,2084,0,0,0,0,0,0,0.0865613956801769,0.0483194757762062,1.9327790310482478,0.08659963596676301,0.06267884932954047,2.507153973181619,10.859748106666785,11.301304458909062,0,0,0,40.0,0.005588680971413851,0.00013971702428534628,0.15350504498928785,0.003837626124732196,0.1590937259607017,0.003977343149017543,zero_sum_capture,-1,-1,-1,-1,-1,-1,0.48319475776206183,0.6267884932954046
0,0,0,0,0,0,0.0865277149747034,0.058260309201788325,2.0973711312643797,0.07836098514006476,0.05388664741000551,1.9399193067601983,36,1.0,0.0008306216308692088,0.0001621268628334488,0.39294665414449453,1.0108830802207962,0.21875368638528725,0.300205392411994,0.12531935341684658,1.3170240908116948,36,1.0,0.0007921870865396326,0.00021653025527896077,0.23849093136046096,2.1817772472296166,0.5488931938285913,0.7397237632194823,0.13509830608074092,1.2642382527134708,1,7.543791982087252,8.207778039600994,0,0,0,36,0.005727051058784127,0.0001590847516328924,0.13716877694241703,0.0038102438039560285,0.14289582800120115,0.003969328555588921,zero_sum_capture,-1,-1,-1,-1,36,36,-1,-1,0.865277149747034,0.5826030920178832,0.7836098514006475,0.5388664741000552,0.6516763289240644,-0.6058738763707345,0.6801424042624562,1.6172050563269638,4.988836174230787,-10.793338752789925,112,0.1,0.5,33,0.04885834894956975,-0.25121814102950024,-0.056905841897301856,0.672464705714135,0.09027782315868882,3.942035151316453,2161,cartesian+auto_shell,2.0,0.02342248133891475,0.0,0.0,0.0,4.0,0.01,2.0,0.008726646259971648,0.008726646259971648,0.01,0,1,timeout_no_capture,0,2161,2161,0,0,0,0,0,0,0.0865277149747034,0.058260309201788325,2.0973711312643797,0.07836098514006476,0.05388664741000551,1.9399193067601983,7.543791982087252,8.207778039600994,0,0,0,36.0,0.005727051058784127,0.0001590847516328924,0.13716877694241703,0.0038102438039560285,0.14289582800120115,0.003969328555588921,zero_sum_capture,-1,-1,-1,-1,-1,-1,0.5826030920178832,0.5388664741000552
0,0,0,0,0,0,0.07744172463953682,0.07375100922147226,1.991277248979751,0.08652640059788907,0.07526112135234866,2.032050276513414,27,1.0,0.0004751821034248509,0.00018102238890584617,0.2964419035453222,2.0674750088697547,0.6367317793885319,0.8887711436762539,0.08960640432745469,1.740528389000279,27,1.0,0.0009173701455592484,0.0002294339092671064,0.04575576248806492,1.1101042399751655,0.3284872476625157,0.4481745944024334,0.08141037819524172,1.6939127692539542,1,11.999999779700783,11.47767023980201,0,0,0,27,0.005746255978010595,0.00021282429548187388,0.10161263297777623,0.003763430851028749,0.10735888895578682,0.003976255146510623,zero_sum_capture,-1,-1,-1,-1,0,0,-1,-1,0.7744172463953681,0.7375100922147225,0.8652640059788907,0.7526112135234867,0.8456349233603411,0.5731911623037131,-0.8871038728486569,11.509161226145748,1.5740752471485435,3.0102317164792405,88,0.1,0.5,31,-0.8936915223886692,0.40010353065458815,-0.3268172232753568,1.2629924141410693,-3.416820479552357,1.6523280462225758,2170,cartesian+auto_shell,2.0,0.021849546949211558,0.0,0.0,0.0,4.0,0.01,2.0,0.008726646259971648,0.008726646259971648,0.01,0,1,timeout_no_capture,0,2170,2170,0,0,0,0,0,0,0.07744172463953682,0.07375100922147226,1.991277248979751,0.08652640059788907,0.07526112135234866,2.032050276513414,11.999999779700783,11.47767023980201,0,0,0,27.0,0.005746255978010595,0.00021282429548187388,0.10161263297777623,0.003763430851028749,0.10735888895578682,0.003976255146510623,zero_sum_capture,-1,-1,-1,-1,-1,-1,0.7375100922147225,0.7526112135234867
0,0,0,0,0,0,0.0865854577934484,0.07382560750838202,3.248326730368809,0.08660148908000909,0.0669415106492966,2.9454264685690505,44,1.0,0.0005933822487016074,0.0001763242719212498,0.20578202053567823,1.4030905379173637,0.36233387989581656,0.4818118613730131,0.08050964296403172,0.9130887717173866,44,1.0,0.0005517851181143057,0.00016585958056366021,0.056576809222931186,1.4882835090639732,0.2241756243553061,0.38657827761770297,0.08185463550632419,0.9243884378932463,1,9.557663812776447,10.396790569684187,0,0,0,44,0.005574048031121492,0.00012668290979821575,0.1662955000065267,0.003779443181966516,0.1718695480376482,0.003906126091764732,zero_sum_capture,-1,-1,-1,-1,44,44,-1,-1,0.865854577934484,0.7382560750838202,0.8660148908000909,0.6694151064929661,0.9174092820462227,0.7673798583168502,0.9052559650519822,8.339462307208636,-5.973645924913575,6.226469528585991,80,0.1,0.5,0,-0.42982377878022415,-0.9990473259024535,-0.5291435158617177,-2.953199756794835,-0.22683444424194926,-2.688337280062226,2211,cartesian+auto_shell,2.0,0.024327650898142192,0.0,0.0,0.0,4.0,0.01,2.0,0.008726646259971648,0.008726646259971648,0.01,0,1,timeout_no_capture,0,2211,2211,0,0,0,0,0,0,0.0865854577934484,0.07382560750838202,3.248326730368809,0.08660148908000909,0.0669415106492966,2.9454264685690505,9.557663812776447,10.396790569684187,0,0,0,44.0,0.005574048031121492,0.00012668290979821575,0.1662955000065267,0.003779443181966516,0.1718695480376482,0.003906126091764732,zero_sum_capture,-1,-1,-1,-1,-1,-1,0.7382560750838202,0.6694151064929661
0,0,0,0,0,0,0.08659974268172115,0.06413127416661109,2.052200773331555,0.08660187793432794,0.06168677603756685,1.9739768332021392,32,1.0,0.0004776252227617668,0.0001859266501333465,0.31165370244294627,1.0329415547295926,0.38608126162853573,0.44758552632885584,0.1333637174501825,1.6279927797885545,32,1.0,0.00043222175848153257,0.00018384303298089131,0.028978952677542188,0.6234764219210711,0.1948455131282455,0.2507146129866027,0.13114123786336768,1.4833989431712196,1,8.622075896020208,8.656332708756793,0,0,0,32,0.005590965040028095,0.00017471765750087798,0.1233881019288674,0.0038558781852771062,0.1289790669688955,0.004030595842777984,zero_sum_capture,-1,-1,-1,-1,32,32,-1,-1,0.8659974268172114,0.6413127416661107,0.8660187793432793,0.6168677603756685,0.43660550884150107,-0.7923189681815979,-0.7365049257474845,5.229836971324298,9.97408092186654,-4.143249330830503,109,0.1,0.5,15,-0.06679294562808158,0.5076934684307413,-0.03747241612737939,-2.6421388678371636,-2.279901105663051,1.9547770081164104,2297,cartesian+auto_shell,2.0,0.025690040403280878,0.0,0.0,0.0,4.0,0.01,2.0,0.008726646259971648,0.008726646259971648,0.01,0,1,timeout_no_capture,0,2297,2297,0,0,0,0,0,0,0.08659974268172115,0.06413127416661109,2.052200773331555,0.08660187793432794,0.06168677603756685,1.9739768332021392,8.622075896020208,8.656332708756793,0,0,0,32.0,0.005590965040028095,0.00017471765750087798,0.1233881019288674,0.0038558781852771062,0.1289790669688955,0.004030595842777984,zero_sum_capture,-1,-1,-1,-1,-1,-1,0.6413127416661107,0.6168677603756685
0,0,0,0,0,0,0.08653970200324125,0.059682834847229846,2.2082648893475043,0.08392279252804966,0.06759095383643836,2.500865291948219,37,1.0,0.0005637053160377533,0.00017394328521603023,0.903140467603839,1.421541519670822,0.31728496678845564,0.4944933710858338,2.0836743661272656,3.716266527520081,37,1.0,0.0005348636629144123,0.00014953787377319235,0.8195115803100402,1.2346048743619766,0.622843989467005,0.6845597258834353,1.6217667567718173,3.4716929312520146,1,11.947944759342832,12.541979664643648,0,0,0,37,0.005558341974392533,0.00015022545876736576,0.14159054099582136,0.003826771378265442,0.1471488829702139,0.003976996837032808,zero_sum_capture,-1,-1,-1,-1,37,37,-1,-1,0.8653970200324125,0.5968283484722985,0.8392279252804965,0.6759095383643835,-0.774133345999944,-0.5169650042980969,0.3085242580990446,-6.465114568943473,14.314301683560197,3.0500919531156043,137,0.1,0.5,37,-0.08707032863594533,-0.9144070423427346,-0.08368690758068253,3.9805289935966788,-0.25972754203379617,0.29653083321181106,2342,cartesian+auto_shell,2.0,0.022526248409263313,0.0,0.0,0.0,4.0,0.01,2.0,0.008726646259971648,0.008726646259971648,0.01,0,1,timeout_no_capture,0,2342,2342,0,0,0,0,0,0,0.08653970200324125,0.059682834847229846,2.2082648893475043,0.08392279252804966,0.06759095383643836,2.500865291948219,11.947944759342832,12.541979664643648,0,0,0,37.0,0.005558341974392533,0.00015022545876736576,0.14159054099582136,0.003826771378265442,0.1471488829702139,0.003976996837032808,zero_sum_capture,-1,-1,-1,-1,-1,-1,0.5968283484722985,0.6759095383643835
0,0,0,0,0,0,0.08657591584834567,0.06645794933319517,2.392486175995026,0.08576609262954094,0.062309462399808536,2.2431406463931074,36,1.0,0.000758623117976288,0.00020432107568161732,0.1704807086185917,1.441239898042725,0.42337233597396395,0.5524917799622363,0.4381586638651376,1.8641611941446448,36,1.0,0.001189856145508992,0.00022591484445779806,0.08677540094241858,2.3464259942691843,0.6694056259368178,0.9279988147169714,0.40966830513791486,1.8055689658961331,1,9.360732364825607,8.971816588417221,0,0,0,36,0.006358938990160823,0.00017663719417113397,0.13693627202883363,0.0038037853341342676,0.14329521101899445,0.003980422528305401,zero_sum_capture,-1,-1,-1,-1,36,36,-1,-1,0.8657591584834566,0.6645794933319515,0.8576609262954094,0.6230946239980856,0.18907888667905715,0.13945479763813706,-0.5315752949899382,10.43961010186421,-2.470384510720886,-5.376963947270345,91,0.1,0.5,10,0.034270895021134784,0.4420376219098612,0.8390270792581989,-2.517458915912059,-3.1004658500295883,-0.2225131894858756,2500,cartesian+auto_shell,2.0,0.025688096768742792,0.0,0.0,0.0,4.0,0.01,2.0,0.008726646259971648,0.008726646259971648,0.01,0,1,timeout_no_capture,0,2500,2500,0,0,0,0,0,0,0.08657591584834567,0.06645794933319517,2.392486175995026,0.08576609262954094,0.062309462399808536,2.2431406463931074,9.360732364825607,8.971816588417221,0,0,0,36.0,0.006358938990160823,0.00017663719417113397,0.13693627202883363,0.0038037853341342676,0.14329521101899445,0.003980422528305401,zero_sum_capture,-1,-1,-1,-1,-1,-1,0.6645794933319515,0.6230946239980856
0,0,0,0,0,0,0.08486464204909829,0.034609443450998464,2.457270485020891,0.08656275344574865,0.061848553541173294,4.391247301423304,71,1.0,0.0009128562319379633,0.00014835400573574568,0.07162610951276313,1.5452615141393227,0.306327189596914,0.47033871835892954,0.1099433743669151,1.2821635111336984,71,1.0,0.0011164871109251835,0.0001831108649237752,0.3016515242539354,1.4624596909735694,0.37782381556662753,0.4975580646736199,0.10946452851380994,1.2395083515673235,1,6.4355525826187785,7.211974940813598,0,0,0,71,0.00552021898329258,7.774956314496591e-05,0.27318420202936977,0.0038476648173150674,0.27870442101266235,0.003925414380460033,zero_sum_capture,-1,-1,-1,-1,71,71,-1,-1,0.8486464204909828,0.34609443450998456,0.8656275344574865,0.6184855354117328,-0.8065744982685685,-0.06779910923230048,0.3376088321830355,14.569285095951091,3.8092917139244435,-5.406036295764584,123,0.1,0.5,69,-0.5677232206162057,-0.25258038201184063,-0.32463402671072594,-6.728848901920364,-3.431682772888299,2.6355541734873897,2501,cartesian+auto_shell,2.0,0.023484280683997907,0.0,0.0,0.0,4.0,0.01,2.0,0.008726646259971648,0.008726646259971648,0.01,0,1,timeout_no_capture,0,2501,2501,0,0,0,0,0,0,0.08486464204909829,0.034609443450998464,2.457270485020891,0.08656275344574865,0.061848553541173294,4.391247301423304,6.4355525826187785,7.211974940813598,0,0,0,71.0,0.00552021898329258,7.774956314496591e-05,0.27318420202936977,0.0038476648173150674,0.27870442101266235,0.003925414380460033,zero_sum_capture,-1,-1,-1,-1,-1,-1,0.34609443450998456,0.6184855354117328
0,0,0,0,0,0,0.08651504114357153,0.07229592159641193,1.8073980399102982,0.08475484904940862,0.03410791885134441,0.8526979712836104,25,1.0,0.000782755019809588,0.00017475312871410617,0.8428291242577619,2.386446171623765,1.1756479638727642,1.3928254304961163,0.4657185661432328,2.79689565868341,25,1.0,0.0005111929972435619,0.00020326426778936017,0.23410233457211257,1.3676520142951516,0.5172459774919591,0.6368836964789775,0.716196171757721,3.091789685590499,1,14.018100567400735,14.586724219379951,0,0,0,25,0.0055089149391278625,0.0002203565975651145,0.0956541410414502,0.0038261656416580083,0.10116305598057806,0.0040465222392231225,zero_sum_capture,-1,-1,-1,-1,25,25,-1,-1,0.8651504114357152,0.7229592159641193,0.8475484904940862,0.3410791885134442,-0.13364889697475824,-0.23380434669469374,-0.04106250672794931,7.855222466343665,-10.233050937966638,-9.464678996417678,133,0.1,0.5,17,0.5399791999824071,-0.6778101652574755,-0.28185377122914446,-1.6436879909112274,2.9511063117849465,2.142256129662665,2502,cartesian+auto_shell,2.0,0.02226445845977904,0.0,0.0,0.0,4.0,0.01,2.0,0.008726646259971648,0.008726646259971648,0.01,0,1,timeout_no_capture,0,2502,2502,0,0,0,0,0,0,0.08651504114357153,0.07229592159641193,1.8073980399102982,0.08475484904940862,0.03410791885134441,0.8526979712836104,14.018100567400735,14.586724219379951,0,0,0,25.0,0.0055089149391278625,0.0002203565975651145,0.0956541410414502,0.0038261656416580083,0.10116305598057806,0.0040465222392231225,zero_sum_capture,-1,-1,-1,-1,-1,-1,0.7229592159641193,0.3410791885134442
0,0,0,0,0,0,0.08276140715533727,0.06280635166406788,1.507352439937629,0.08299163236294198,0.03854655842220739,0.9251174021329773,24,1.0,0.0005502483842984257,0.0001857826790267524,0.3460889474434466,0.49461641413299173,0.24013215570392593,0.27509428461331076,2.8638310547760524,4.027788238761957,24,1.0,0.0008086933790993227,0.00023688253797549626,0.8105957208369979,1.1767213943045196,0.8852227103107727,0.9373191439680293,3.2521713966416894,4.101234654815464,1,15.55692665250772,16.16793002377326,0,0,0,24,0.005697345011867583,0.0002373893754944826,0.09175063401926309,0.003822943084135962,0.09744797903113067,0.004060332459630445,zero_sum_capture,-1,-1,-1,-1,24,24,-1,-1,0.8276140715533726,0.6280635166406787,0.8299163236294197,0.38546558422207383,0.5592287629368198,0.029276741640726023,0.4916994019673082,8.78376630826162,-13.269416887616893,-1.6637382319570617,141,0.1,0.5,9,0.6783767500214772,-0.8077491210766181,-0.10254316333978464,-2.198656880246465,3.3391113135073747,0.1274502214668026,2550,cartesian+auto_shell,2.0,0.022230140610742685,0.0,0.0,0.0,4.0,0.01,2.0,0.008726646259971648,0.008726646259971648,0.01,0,1,timeout_no_capture,0,2550,2550,0,0,0,0,0,0,0.08276140715533727,0.06280635166406788,1.507352439937629,0.08299163236294198,0.03854655842220739,0.9251174021329773,15.55692665250772,16.16793002377326,0,0,0,24.0,0.005697345011867583,0.0002373893754944826,0.09175063401926309,0.003822943084135962,0.09744797903113067,0.004060332459630445,zero_sum_capture,-1,-1,-1,-1,-1,-1,0.6280635166406787,0.38546558422207383
0,0,0,0,0,0,0.07910756772238942,0.03253702904365645,1.6919255102701354,0.07198750532958152,0.054946319620010696,2.857208620240556,52,1.0,0.0006805667459646198,0.0001558549019773455,0.08505446879748672,1.1339950700071844,0.3357969076231564,0.4329836578653071,0.08043462085099261,0.9634774477705861,52,1.0,0.0007456861081614095,0.00014842328169122263,0.1260392580830689,1.5917415269006345,0.28650523378896264,0.479424590846419,0.08162974659178372,0.9249227545781552,1,5.6059518167613644,5.572466252895224,0,0,0,52,0.005688262055628002,0.00010938965491592311,0.19868643197696656,0.0038208929226339725,0.20437469403259456,0.003930282577549895,zero_sum_capture,-1,-1,-1,-1,52,52,-1,-1,0.791075677223894,0.32537029043656457,0.7198750532958151,0.549463196200107,-0.49243884853455433,-0.14299224589470194,0.4570843798097344,10.43961010186421,-2.470384510720886,-5.376963947270345,91,0.1,0.5,2,-0.4653746936231944,0.5352638905662817,-0.9894735556821594,-3.7194178893800993,-1.1215103738625236,-0.952966445095536,2585,cartesian+auto_shell,2.0,0.025737077088776324,0.0,0.0,0.0,4.0,0.01,2.0,0.008726646259971648,0.008726646259971648,0.01,0,1,timeout_no_capture,0,2585,2585,0,0,0,0,0,0,0.07910756772238942,0.03253702904365645,1.6919255102701354,0.07198750532958152,0.054946319620010696,2.857208620240556,5.6059518167613644,5.572466252895224,0,0,0,52.0,0.005688262055628002,0.00010938965491592311,0.19868643197696656,0.0038208929226339725,0.20437469403259456,0.003930282577549895,zero_sum_capture,-1,-1,-1,-1,-1,-1,0.32537029043656457,0.549463196200107
0,0,0,0,0,0,0.083700885433782,0.06114146720979439,1.4673952130350654,0.08659905960903547,0.07448892022559461,1.7877340854142707,24,1.0,0.0005633016697085665,0.00019617458505422257,0.19594382352667328,1.4173460033344583,0.25278418304747685,0.4144218025236294,0.16830045897913992,1.9045835845622756,24,1.0,0.0004519773850202813,0.00012974431219999456,0.16147409240574623,1.0363049942633726,0.4102418690359222,0.48125874446389044,0.19190623678864271,1.958198065037075,1,9.641326037618292,10.002568124333626,0,0,0,24,0.0056190319592133164,0.00023412633163388819,0.09228901204187423,0.0038453755017447597,0.09790804400108755,0.0040795018333786475,zero_sum_capture,-1,-1,-1,-1,24,24,-1,-1,0.8370088543378199,0.6114146720979439,0.8659905960903546,0.744889202255946,0.2192899870752898,0.010609432259441665,0.42852905133567076,7.490416315797141,4.6875637157831544,-8.119138490413452,104,0.1,0.5,18,-0.34352811552851525,0.8206605489904462,0.7054902589608747,-0.5805288605522274,-3.93737932210443,-0.4000378931181258,2596,cartesian+auto_shell,2.0,0.027482334731188246,0.0,0.0,0.0,4.0,0.01,2.0,0.008726646259971648,0.008726646259971648,0.01,0,1,timeout_no_capture,0,2596,2596,0,0,0,0,0,0,0.083700885433782,0.06114146720979439,1.4673952130350654,0.08659905960903547,0.07448892022559461,1.7877340854142707,9.641326037618292,10.002568124333626,0,0,0,24.0,0.0056190319592133164,0.00023412633163388819,0.09228901204187423,0.0038453755017447597,0.09790804400108755,0.0040795018333786475,zero_sum_capture,-1,-1,-1,-1,-1,-1,0.6114146720979439,0.744889202255946
0,0,0,0,0,0,0.08643505914609619,0.06428846468686722,1.6715000818585477,0.08421327464357044,0.07707082762421802,2.0038415182296685,26,1.0,0.0005231119531306175,0.00019082927332742517,0.6763293884663795,1.0220972400628574,0.49145697357832363,0.5530084783174043,0.19373994903404373,1.763484911392301,26,1.0,0.0008727555609914627,0.0001851314098077878,0.09403053183583668,2.676777958721819,0.645026391357815,1.029403219525218,0.16467581689912197,1.8326717077593377,1,9.808294857052429,10.257836525965535,0,0,0,26,0.005594979971647263,0.00021519153737104856,0.09836444107349962,0.003783247733596139,0.10395942104514688,0.003998439270967187,zero_sum_capture,-1,-1,-1,-1,26,26,-1,-1,0.8643505914609618,0.6428846468686721,0.8421327464357043,0.7707082762421801,0.3352849868028056,0.021436752488109168,0.007498515324024124,-1.2480023632168038,9.352327477026805,-7.414611309020499,117,0.1,0.5,38,-0.790135292267635,-0.8802346383221373,-0.4598017377879591,2.5191296739895077,0.586991067592072,3.0511353906689607,2606,cartesian+auto_shell,2.0,0.026800629096361227,0.0,0.0,0.0,4.0,0.01,2.0,0.008726646259971648,0.008726646259971648,0.01,0,1,timeout_no_capture,0,2606,2606,0,0,0,0,0,0,0.08643505914609619,0.06428846468686722,1.6715000818585477,0.08421327464357044,0.07707082762421802,2.0038415182296685,9.808294857052429,10.257836525965535,0,0,0,26.0,0.005594979971647263,0.00021519153737104856,0.09836444107349962,0.003783247733596139,0.10395942104514688,0.003998439270967187,zero_sum_capture,-1,-1,-1,-1,-1,-1,0.6428846468686721,0.7707082762421801
0,0,0,0,0,0,0.07257175576033813,0.04154777382001635,2.949891941221161,0.08574195125465126,0.05338653753691324,3.79044416512084,71,1.0,0.0007327872110301598,0.00017935341680670952,0.20891560539021167,0.6513492898580008,0.21630800493842492,0.2680963153366338,0.2731668232939044,1.6176809477156595,71,1.0,0.0007140128354390992,0.00016591696922391066,0.4435724280729094,1.535414669850288,0.6783867210152891,0.7465668720988622,0.2777086319068784,1.639252601511673,1,7.984121498322511,8.554930008726181,0,0,0,71,0.00577710394281894,8.136766116646394e-05,0.2728390520205721,0.003842803549585523,0.27861615596339107,0.003924171210751987,zero_sum_capture,-1,-1,-1,-1,71,71,-1,-1,0.7257175576033812,0.4154777382001636,0.8574195125465125,0.5338653753691324,-0.10128003728458879,0.6794185247467,-0.2481507084922645,15.271621333621535,2.864502587094979,3.817355992175965,131,0.1,0.5,71,-0.8460545252714529,0.38944577020550275,-0.16190549118091702,-3.9939500740607556,-3.1703726136460895,-6.164178801474935,2630,cartesian+auto_shell,2.0,0.02904654855507838,0.0,0.0,0.0,4.0,0.01,2.0,0.008726646259971648,0.008726646259971648,0.01,0,1,timeout_no_capture,0,2630,2630,0,0,0,0,0,0,0.07257175576033813,0.04154777382001635,2.949891941221161,0.08574195125465126,0.05338653753691324,3.79044416512084,7.984121498322511,8.554930008726181,0,0,0,71.0,0.00577710394281894,8.136766116646394e-05,0.2728390520205721,0.003842803549585523,0.27861615596339107,0.003924171210751987,zero_sum_capture,-1,-1,-1,-1,-1,-1,0.4154777382001636,0.5338653753691324
0,0,0,0,0,0,0.08357070840398233,0.06235555600803024,2.057733348264998,0.08656335583750237,0.06097249517921059,2.0120923409139495,33,1.0,0.0007016232588811086,0.00021011214977487356,0.5577908149876584,1.6920916152274692,0.8956512606333423,1.041329720035197,0.32019698424637244,2.112504470242005,33,1.0,0.0008521095110253253,0.00026701809612467706,0.2700119447460564,1.3616190165882243,0.5721506449402585,0.6506027498509456,0.26422715082175907,1.9938397212309227,1,9.321916718239352,9.84767034782266,0,0,0,33,0.00555519899353385,0.00016833936344041968,0.12536565703339875,0.003798959304042386,0.1309208560269326,0.003967298667482806,zero_sum_capture,-1,-1,-1,-1,33,33,-1,-1,0.8357070840398232,0.6235555600803024,0.8656335583750236,0.609724951792106,0.050063099245059695,-0.5434467859802328,0.25676891516153266,-5.674865664391943,4.834548267454898,9.403352739356013,103,0.1,0.5,13,0.7732357268499184,0.6243986888288708,-0.02016006897646694,-0.23271321637681255,-3.034444826510424,-2.5957636937494293,2665,cartesian+auto_shell,2.0,0.024507454309005625,0.0,0.0,0.0,4.0,0.01,2.0,0.008726646259971648,0.008726646259971648,0.01,0,1,timeout_no_capture,0,2665,2665,0,0,0,0,0,0,0.08357070840398233,0.06235555600803024,2.057733348264998,0.08656335583750237,0.06097249517921059,2.0120923409139495,9.321916718239352,9.84767034782266,0,0,0,33.0,0.00555519899353385,0.00016833936344041968,0.12536565703339875,0.003798959304042386,0.1309208560269326,0.003967298667482806,zero_sum_capture,-1,-1,-1,-1,-1,-1,0.6235555600803024,0.609724951792106
0,0,0,0,0,0,0.08659826979779842,0.07067809920939504,1.696274381025481,0.08660178674491115,0.0514900616481831,1.2357614795563945,24,1.0,0.0006076410820240466,0.000181141295223212,0.758960215058688,1.4738819859856869,0.7253862541782716,0.8031305427710275,1.9494797107029562,3.6546028185212225,24,1.0,0.0007167826559874505,0.00017163466568963733,0.47040145641798237,0.7243317002394463,0.3434585716924728,0.3894666711718939,1.9572949294879571,3.815368507414343,1,13.75778374000272,14.043070941594479,0,0,0,24,0.005577115924097598,0.00023237983017073324,0.09171936102211475,0.0038216400425881147,0.09729647694621235,0.004054019872758848,zero_sum_capture,-1,-1,-1,-1,24,24,-1,-1,0.8659826979779841,0.7067809920939503,0.8660178674491114,0.514900616481831,-0.5060942882807504,0.6220426494279598,-0.4957449748082403,14.569285095951091,3.8092917139244435,-5.406036295764584,123,0.1,0.5,23,-0.08968672045531667,0.7054498328920293,-0.29705765307091614,-0.8527454903866077,-3.385553488009905,1.9521405452603215,2669,cartesian+auto_shell,2.0,0.024833332619402522,0.0,0.0,0.0,4.0,0.01,2.0,0.008726646259971648,0.008726646259971648,0.01,0,1,timeout_no_capture,0,2669,2669,0,0,0,0,0,0,0.08659826979779842,0.07067809920939504,1.696274381025481,0.08660178674491115,0.0514900616481831,1.2357614795563945,13.75778374000272,14.043070941594479,0,0,0,24.0,0.005577115924097598,0.00023237983017073324,0.09171936102211475,0.0038216400425881147,0.09729647694621235,0.004054019872758848,zero_sum_capture,-1,-1,-1,-1,-1,-1,0.7067809920939503,0.514900616481831
0,0,0,0,0,0,0.08653491841054575,0.052825489482228025,3.2223548584159096,0.08599311358192226,0.06624753017374711,4.041099340598574,61,1.0,0.0010478682526700882,0.0001960920419063345,0.16472655051056145,2.404737896600011,0.6821000282676368,0.848315558321361,0.04937565293781428,1.5960868044436447,61,1.0,0.0009128004071209454,0.00018425475207226567,0.22602705304012594,1.768348665602316,0.7699842406843564,0.8811137349415445,0.06601175742592562,1.454202253921509,1,3.6738231461856707,3.9263889509372847,0,0,0,61,0.005569888977333903,9.130965536612956e-05,0.23385609104298055,0.003833706410540665,0.23942598002031446,0.003925016065906795,zero_sum_capture,-1,-1,-1,-1,61,61,-1,-1,0.8653491841054575,0.5282548948222802,0.8599311358192225,0.6624753017374712,-0.4799222509718186,0.9825504332018871,0.271786009368181,-0.2783076493215513,-11.620586789670753,-2.9806891008722647,89,0.1,0.5,14,-0.787832631488502,0.7508885581678708,0.946912241015039,-0.23358233584262192,3.882052870426716,-0.93547036489351,2708,cartesian+auto_shell,2.0,0.0294480587198632,0.0,0.0,0.0,4.0,0.01,2.0,0.008726646259971648,0.008726646259971648,0.01,0,1,timeout_no_capture,0,2708,2708,0,0,0,0,0,0,0.08653491841054575,0.052825489482228025,3.2223548584159096,0.08599311358192226,0.06624753017374711,4.041099340598574,3.6738231461856707,3.9263889509372847,0,0,0,61.0,0.005569888977333903,9.130965536612956e-05,0.23385609104298055,0.003833706410540665,0.23942598002031446,0.003925016065906795,zero_sum_capture,-1,-1,-1,-1,-1,-1,0.5282548948222802,0.6624753017374712
0,0,0,0,0,0,0.08641649564409429,0.05878641029616794,3.70354384865858,0.08370431283691637,0.062052817747153065,3.909327518070643,63,1.0,0.0006196502554012907,0.00015197161489791523,0.26507491282348694,1.1936684200222478,0.2508267993178174,0.3455251996909744,0.03517021145099048,0.8964020351103216,63,1.0,0.0014004041075856282,0.00017055446447130184,0.044230619765767816,1.8871228795024098,0.28026606032770374,0.49367528278455297,0.03376650254199173,0.9024097695249075,1,5.99009963123033,6.163600354126472,0,0,0,63,0.005635641049593687,8.945461983482043e-05,0.23996502498630434,0.0038089686505762593,0.24560066603589803,0.0038984232704110796,zero_sum_capture,-1,-1,-1,-1,63,63,-1,-1,0.8641649564409428,0.5878641029616793,0.8370431283691636,0.6205281774715306,0.3408912254094332,0.3827908450370465,-0.4608631435041035,11.083263078769793,-4.415906323484403,1.2888176244095848,83,0.1,0.5,20,-0.9556500569191207,0.7364501176363918,0.8912767207444284,-2.1308192248521682,-0.37419436976271236,3.3644595412396168,2723,cartesian+auto_shell,2.0,0.028322533829766693,0.0,0.0,0.0,4.0,0.01,2.0,0.008726646259971648,0.008726646259971648,0.01,0,1,timeout_no_capture,0,2723,2723,0,0,0,0,0,0,0.08641649564409429,0.05878641029616794,3.70354384865858,0.08370431283691637,0.062052817747153065,3.909327518070643,5.99009963123033,6.163600354126472,0,0,0,63.0,0.005635641049593687,8.945461983482043e-05,0.23996502498630434,0.0038089686505762593,0.24560066603589803,0.0038984232704110796,zero_sum_capture,-1,-1,-1,-1,-1,-1,0.5878641029616793,0.6205281774715306
0,0,0,0,0,0,0.08657797186566119,0.05417831292152111,1.3002795101165066,0.05875847704951929,0.050014142795876244,1.20033942710103,24,1.0,0.0004459961564456133,0.000150609227355167,0.2783649956828989,0.8692449758261507,0.31462707210411545,0.3832560404127765,0.28705206739471095,2.1663088870878906,24,1.0,0.0007426093773896278,0.00021813719422243816,0.22043854978486788,1.3775361905138344,0.5774044584154501,0.7061310429014325,0.28098141300193313,2.267392596748826,1,13.230913885421664,13.87850435850689,0,0,0,24,0.0055905269691720605,0.00023293862371550253,0.09424722695257515,0.003926967789690631,0.09983775392174721,0.004159906413406134,zero_sum_capture,-1,-1,-1,-1,24,24,-1,-1,0.8657797186566117,0.541783129215211,0.5875847704951929,0.5001414279587625,0.9103875024678085,0.5925683991202497,-0.535780344022881,-8.551196590781041,7.286344314078103,11.392375669829207,150,0.1,0.5,34,-0.8663124827132805,0.9393548491576662,-0.7855667696995257,3.211925627293497,-2.3838528463051576,-0.02791723299454619,2752,cartesian+auto_shell,2.0,0.023989436103610394,0.0,0.0,0.0,4.0,0.01,2.0,0.008726646259971648,0.008726646259971648,0.01,0,1,timeout_no_capture,0,2752,2752,0,0,0,0,0,0,0.08657797186566119,0.05417831292152111,1.3002795101165066,0.05875847704951929,0.050014142795876244,1.20033942710103,13.230913885421664,13.87850435850689,0,0,0,24.0,0.0055905269691720605,0.00023293862371550253,0.09424722695257515,0.003926967789690631,0.09983775392174721,0.004159906413406134,zero_sum_capture,-1,-1,-1,-1,-1,-1,0.541783129215211,0.5001414279587625
0,0,0,0,0,0,0.0828644332671673,0.05597934259883797,1.679380277965139,0.08651206516837182,0.06932240509241544,2.079672152772463,30,1.0,0.0005864630502697128,0.00020135454552028966,0.08756112313917484,1.114988665797858,0.2725501696970935,0.38747406373515514,0.08396627838598619,1.3483729486708536,30,1.0,0.0007598580277796594,0.00019905025053121452,0.11015002086206449,0.9808067376880123,0.26428838312953673,0.3717639114113722,0.08268900389187901,1.4162900825902367,1,10.324069529444687,10.456878705152015,0,0,0,30,0.0056042460491880774,0.0001868082016396026,0.11450078198686242,0.003816692732895414,0.1201050280360505,0.004003500934535016,zero_sum_capture,-1,-1,-1,-1,30,30,-1,-1,0.8286443326716729,0.5597934259883797,0.8651206516837181,0.6932240509241544,0.9639452500797208,-0.9203578712656388,0.13604333297279503,-5.550650643710952,-1.3693224277974112,10.55060346711041,95,0.1,0.5,16,-0.47208272692946296,-0.20102515679617827,0.48988272793786614,1.5409992759505766,-0.255204063195616,-3.6824166138078733,2839,cartesian+auto_shell,2.0,0.025703323788870715,0.0,0.0,0.0,4.0,0.01,2.0,0.008726646259971648,0.008726646259971648,0.01,0,1,timeout_no_capture,0,2839,2839,0,0,0,0,0,0,0.0828644332671673,0.05597934259883797,1.679380277965139,0.08651206516837182,0.06932240509241544,2.079672152772463,10.324069529444687,10.456878705152015,0,0,0,30.0,0.0056042460491880774,0.0001868082016396026,0.11450078198686242,0.003816692732895414,0.1201050280360505,0.004003500934535016,zero_sum_capture,-1,-1,-1,-1,-1,-1,0.5597934259883797,0.6932240509241544
0,0,0,0,0,0,0.08659879986555405,0.02884214969947527,2.3938984250564475,0.08659447821909902,0.04816135379379446,3.99739236488494,83,1.0,0.000708485400544298,0.00017812203922487187,0.4722906224826809,1.0974389956032866,0.35490493684650914,0.4231510626331941,0.2550448728181326,1.5298731094967177,83,1.0,0.0009636112329276616,0.00019786011625626428,0.21587425159916984,1.5022715270062073,0.48951428409705516,0.608577928468182,0.22480669331494113,1.523571813280201,1,5.780631720602742,6.6218377679100735,0,0,0,83,0.005593081004917622,6.738651813153762e-05,0.316456092055887,0.0038127240006733372,0.3220491730608046,0.003880110518804875,zero_sum_capture,-1,-1,-1,-1,83,83,-1,-1,0.8659879986555404,0.2884214969947527,0.8659447821909901,0.4816135379379446,-0.41274837458485125,-0.46172114526024854,0.5319150553719887,11.394901946482545,-5.42112311385982,9.837054122775939,144,0.1,0.5,76,-0.8884450990052624,0.9042428559366511,-0.801879145219642,-4.571661740235052,0.9405270684020247,-6.497331588157874,2909,cartesian+auto_shell,2.0,0.025250632080090422,0.0,0.0,0.0,4.0,0.01,2.0,0.008726646259971648,0.008726646259971648,0.01,0,1,timeout_no_capture,0,2909,2909,0,0,0,0,0,0,0.08659879986555405,0.02884214969947527,2.3938984250564475,0.08659447821909902,0.04816135379379446,3.99739236488494,5.780631720602742,6.6218377679100735,0,0,0,83.0,0.005593081004917622,6.738651813153762e-05,0.316456092055887,0.0038127240006733372,0.3220491730608046,0.003880110518804875,zero_sum_capture,-1,-1,-1,-1,-1,-1,0.2884214969947527,0.4816135379379446
0,0,0,0,0,0,0.07452728336908175,0.03540716666150654,1.7349511664138204,0.08642759466950024,0.071474271929933,3.502239324566717,49,1.0,0.0010616636065633905,0.00020263503534756502,0.1533827484410384,1.3382854408922789,0.2770577930092067,0.3897611501985337,0.05027342790885537,1.23223494658361,49,1.0,0.0009095124826829469,0.00019373945130929813,0.1495684533590613,2.2175107346565572,0.3857509141201053,0.6325026835466477,0.04841752487000572,1.1380044187658482,1,5.288891940699457,5.8017423115650155,0,0,0,49,0.005589416949078441,0.00011406973365466205,0.18764586898032576,0.0038295075302107297,0.1932352859294042,0.0039435772638653915,zero_sum_capture,-1,-1,-1,-1,49,49,-1,-1,0.7452728336908175,0.3540716666150654,0.8642759466950024,0.7147427192993298,-0.9795994431366455,-0.08497155773673382,0.10807622536039263,10.90714469356644,4.115998984057314,-2.8447753860093483,96,0.1,0.5,15,-0.8111987365711957,0.19870330523595237,-0.831668474911623,-2.6421388678371636,-2.279901105663051,1.9547770081164104,2919,cartesian+auto_shell,2.0,0.021227388715895346,0.0,0.0,0.0,4.0,0.01,2.0,0.008726646259971648,0.008726646259971648,0.01,0,1,timeout_no_capture,0,2919,2919,0,0,0,0,0,0,0.07452728336908175,0.03540716666150654,1.7349511664138204,0.08642759466950024,0.071474271929933,3.502239324566717,5.288891940699457,5.8017423115650155,0,0,0,49.0,0.005589416949078441,0.00011406973365466205,0.18764586898032576,0.0038295075302107297,0.1932352859294042,0.0039435772638653915,zero_sum_capture,-1,-1,-1,-1,-1,-1,0.3540716666150654,0.7147427192993298
0,0,0,0,0,0,0.08647359221346625,0.045122460581675905,1.8048984232670362,0.08660237003537641,0.06756376859907139,2.7025507439628553,40,1.0,0.0009705997393887218,0.00020378057647869475,0.26316425673756144,0.8650184253695654,0.41554985976116765,0.47990402959538525,0.05773865233924138,0.7913428447616689,40,1.0,0.0005692233152367147,0.000151985590762289,0.08796461147171744,1.0963688678595718,0.22747146525097353,0.3253872294165686,0.06347712634175384,0.8012828406028046,1,7.385065801687651,8.182848163786648,0,0,0,40,0.0056475859601050615,0.00014118964900262655,0.1542257519904524,0.0038556437997613103,0.15987333795055747,0.003996833448763937,zero_sum_capture,-1,-1,-1,-1,40,40,-1,-1,0.8647359221346624,0.4512246058167591,0.866023700353764,0.6756376859907138,-0.9374344271807873,0.1223362011344189,0.6384674937018222,0.17628441685848406,-1.4393904600841112,-11.912056031927978,107,0.1,0.5,36,0.2760599348078372,0.9842191703103131,0.35623002895445244,1.7380466738722042,-1.9366954211022591,3.0378289295685015,2945,cartesian+auto_shell,2.0,0.023265847199180886,0.0,0.0,0.0,4.0,0.01,2.0,0.008726646259971648,0.008726646259971648,0.01,0,1,timeout_no_capture,0,2945,2945,0,0,0,0,0,0,0.08647359221346625,0.045122460581675905,1.8048984232670362,0.08660237003537641,0.06756376859907139,2.7025507439628553,7.385065801687651,8.182848163786648,0,0,0,40.0,0.0056475859601050615,0.00014118964900262655,0.1542257519904524,0.0038556437997613103,0.15987333795055747,0.003996833448763937,zero_sum_capture,-1,-1,-1,-1,-1,-1,0.4512246058167591,0.6756376859907138
0,0,0,0,0,0,0.08651291640133471,0.051478167522523315,1.647301360720746,0.08659583725919962,0.0652762357135454,2.088839542833453,32,1.0,0.0006962665448606486,0.00016654093968872547,0.15145166640789878,1.8261379441580476,0.6362560496002337,0.8120677140907334,0.22705885372215157,1.9172567049445648,32,1.0,0.0007293429831545949,0.00017118682680727237,0.08849285054869817,1.734100583541456,0.5190826693325981,0.7258482371670956,0.2410161976952509,1.992229323352861,1,7.687285808491774,8.566241542423857,0,0,0,32,0.005564628983847797,0.00017389465574524365,0.12373132805805653,0.0038666040018142667,0.12929595704190433,0.00404049865755951,zero_sum_capture,-1,-1,-1,-1,32,32,-1,-1,0.865129164013347,0.514781675225233,0.8659583725919962,0.652762357135454,0.8423595940023427,-0.9283868484894438,0.05771118963460031,-1.2480023632168038,9.352327477026805,-7.414611309020499,117,0.1,0.5,31,0.23316607315259996,0.16211373007091612,0.34888272843647594,1.2629924141410693,-3.416820479552357,1.6523280462225758,2966,cartesian+auto_shell,2.0,0.02275617306991459,0.0,0.0,0.0,4.0,0.01,2.0,0.008726646259971648,0.008726646259971648,0.01,0,1,timeout_no_capture,0,2966,2966,0,0,0,0,0,0,0.08651291640133471,0.051478167522523315,1.647301360720746,0.08659583725919962,0.0652762357135454,2.088839542833453,7.687285808491774,8.566241542423857,0,0,0,32.0,0.005564628983847797,0.00017389465574524365,0.12373132805805653,0.0038666040018142667,0.12929595704190433,0.00404049865755951,zero_sum_capture,-1,-1,-1,-1,-1,-1,0.514781675225233,0.652762357135454
0,0,0,0,0,0,0.08446474561826645,0.034048308191075675,2.928154504432508,0.07718911542419744,0.03962497834467462,3.4077481376420176,86,1.0,0.0008804345318001224,0.0001970283299899424,0.8446855714829414,1.3521890784471635,0.7609406809554876,0.85761895591011,0.24516839924620387,1.2001950910595438,86,1.0,0.0005702774011772925,0.0001469824697757124,0.05954818959510541,1.9029200784510292,0.6848821306722656,0.8891758199379047,0.1981598293440071,1.2715690819896954,1,5.447981610562454,5.247691799589564,0,0,0,86,0.005575591931119561,6.483246431534373e-05,0.32883047708310187,0.0038236101986407196,0.33440606901422143,0.003888442662956063,zero_sum_capture,-1,-1,-1,-1,86,86,-1,-1,0.8446474561826643,0.34048308191075666,0.7718911542419744,0.3962497834467462,0.7771866154410039,-0.08871107734003081,0.17370052390681479,-8.149861539841904,-10.891817198071816,8.423068028052061,159,0.1,0.5,68,0.4879273935038144,-0.27400132730125626,-0.7357722210646023,-0.15846380197521523,1.4602415454207676,-7.864005585736238,2987,cartesian+auto_shell,2.0,0.028662226793916116,0.0,0.0,0.0,4.0,0.01,2.0,0.008726646259971648,0.008726646259971648,0.01,0,1,timeout_no_capture,0,2987,2987,0,0,0,0,0,0,0.08446474561826645,0.034048308191075675,2.928154504432508,0.07718911542419744,0.03962497834467462,3.4077481376420176,5.447981610562454,5.247691799589564,0,0,0,86.0,0.005575591931119561,6.483246431534373e-05,0.32883047708310187,0.0038236101986407196,0.33440606901422143,0.003888442662956063,zero_sum_capture,-1,-1,-1,-1,-1,-1,0.34048308191075666,0.3962497834467462
0,0,0,0,0,0,0.08552152081765914,0.048600418628522275,2.1384184196549803,0.08350276615526112,0.058657998286533446,2.5809519246074717,44,1.0,0.0006485573115495012,0.00021926469714749874,0.18104284486174482,2.0367717691771072,0.32708834771948686,0.5283840646368354,0.08687851876291566,1.0742310238744988,44,1.0,0.0006796404543408694,0.00019463925392644257,0.06211785060362908,1.5480563833444352,0.23793919251339257,0.3712603525135038,0.0800118512551907,1.0353586155329142,1,8.487404761477007,7.75588059507248,0,0,0,44,0.005504839937202632,0.0001251099985727871,0.16759680898394436,0.0038090183859987355,0.173101648921147,0.0039341283845715225,zero_sum_capture,-1,-1,-1,-1,44,44,-1,-1,0.8552152081765914,0.48600418628522274,0.8350276615526111,0.5865799828653343,0.7648295624096431,-0.793325911781043,0.5727962452347424,7.7843371787410796,8.9931858705575,1.5895605006649893,101,0.1,0.5,6,-0.7072282209220435,-0.8866545927583083,0.540795215565609,-1.2228699119326878,2.8212817683676255,-2.5583116233106127,3022,cartesian+auto_shell,2.0,0.024956424034135154,0.0,0.0,0.0,4.0,0.01,2.0,0.008726646259971648,0.008726646259971648,0.01,0,1,timeout_no_capture,0,3022,3022,0,0,0,0,0,0,0.08552152081765914,0.048600418628522275,2.1384184196549803,0.08350276615526112,0.058657998286533446,2.5809519246074717,8.487404761477007,7.75588059507248,0,0,0,44.0,0.005504839937202632,0.0001251099985727871,0.16759680898394436,0.0038090183859987355,0.173101648921147,0.0039341283845715225,zero_sum_capture,-1,-1,-1,-1,-1,-1,0.48600418628522274,0.5865799828653343
0,0,0,0,0,0,0.08658562751334438,0.06469497977909207,2.5877991911636826,0.08659879456271612,0.07319709936887824,2.9278839747551295,40,1.0,0.0006801895830847114,0.00020601994591175132,1.011378129625795,1.903263642556198,0.8873262003159691,0.9954376547705125,0.3326838189546337,2.421345975455073,40,1.0,0.0005011044014033072,0.000153157695417424,0.4002249350800516,1.2268094370888416,0.4909549741735024,0.5930684284037706,0.28766222836975885,2.3245263578166844,1,10.503116822464042,10.977421375572,0,0,0,40,0.005713587976060808,0.0001428396994015202,0.15246371796820313,0.003811592949205078,0.15817730594426394,0.003954432648606598,zero_sum_capture,-1,-1,-1,-1,40,40,-1,-1,0.8658562751334438,0.6469497977909207,0.8659879456271611,0.7319709936887824,-0.42593944747060686,-0.2217435661230469,-0.9006204044596768,-8.414059848166305,-3.248927160170804,-7.915053327639688,110,0.1,0.5,33,0.6422213509652503,0.7770203703163534,0.11462490947558535,0.672464705714135,0.09027782315868882,3.942035151316453,3025,cartesian+auto_shell,2.0,0.020867707822038183,0.0,0.0,0.0,4.0,0.01,2.0,0.008726646259971648,0.008726646259971648,0.01,0,1,timeout_no_capture,0,3025,3025,0,0,0,0,0,0,0.08658562751334438,0.06469497977909207,2.5877991911636826,0.08659879456271612,0.07319709936887824,2.9278839747551295,10.503116822464042,10.977421375572,0,0,0,40.0,0.005713587976060808,0.0001428396994015202,0.15246371796820313,0.003811592949205078,0.15817730594426394,0.003954432648606598,zero_sum_capture,-1,-1,-1,-1,-1,-1,0.6469497977909207,0.7319709936887824
0,0,0,0,0,0,0.08630752284698956,0.054195275978880866,1.7342488313241877,0.08221303050792017,0.06382882159665099,2.0425222910928316,32,1.0,0.0007993900849661461,0.00018043883133973397,0.41302484102107045,0.7053424363072363,0.29547605742607674,0.34098183718649294,1.4150603563834676,2.952777132707262,32,1.0,0.00048228705198808937,0.00014947125720082176,0.40218231151854666,1.5403774216378827,0.5278490599007795,0.6396874986552725,1.8251425273883175,3.0789355512237857,1,7.940366540363967,8.37182575577866,0,0,0,32,0.0056303589371964335,0.00017594871678738855,0.12242325500119478,0.0038257267187873367,0.1280536139383912,0.004001675435574725,zero_sum_capture,-1,-1,-1,-1,32,32,-1,-1,0.8630752284698956,0.5419527597888087,0.8221303050792016,0.6382882159665098,-0.3024675814334321,0.4212290572987325,-0.17427246373785543,8.339462307208636,-5.973645924913575,6.226469528585991,80,0.1,0.5,4,0.31507071200399217,0.06494632936745126,-0.5955087511120574,-3.5929203034184485,1.753673410699059,0.12471271743735177,3071,cartesian+auto_shell,2.0,0.019567691300799456,0.0,0.0,0.0,4.0,0.01,2.0,0.008726646259971648,0.008726646259971648,0.01,0,1,timeout_no_capture,0,3071,3071,0,0,0,0,0,0,0.08630752284698956,0.054195275978880866,1.7342488313241877,0.08221303050792017,0.06382882159665099,2.0425222910928316,7.940366540363967,8.37182575577866,0,0,0,32.0,0.0056303589371964335,0.00017594871678738855,0.12242325500119478,0.0038257267187873367,0.1280536139383912,0.004001675435574725,zero_sum_capture,-1,-1,-1,-1,-1,-1,0.5419527597888087,0.6382882159665098
0,0,0,0,0,0,0.08659823021257534,0.07350307239745275,2.94012289589811,0.08660110537824559,0.07545740010251427,3.018296004100571,40,1.0,0.0008695636175847228,0.00017885800012242253,0.23781797414032502,0.966401851091136,0.4363778065048031,0.5101499995260902,0.3873222175662207,2.4311958016979442,40,1.0,0.0005639377184202993,0.00013936863017141747,0.08241545070784671,0.7118569541131707,0.3007999858411255,0.35772837641359256,0.42938720469237673,2.5028796349261415,1,13.285540884419007,14.025950433587127,0,0,0,40,0.005663896095938981,0.00014159740239847452,0.15204004396218807,0.0038010010990547015,0.15770394005812705,0.003942598501453176,zero_sum_capture,-1,-1,-1,-1,40,40,-1,-1,0.8659823021257533,0.7350307239745273,0.8660110537824558,0.7545740010251427,0.5259995314600705,0.642961025971573,-0.3553683782930497,9.864375161063055,5.145614244324796,-11.498554549612054,120,0.1,0.5,23,-0.829918017490012,-0.1269848652327954,0.5442993853069673,-0.8527454903866077,-3.385553488009905,1.9521405452603215,3085,cartesian+auto_shell,2.0,0.020411101149691416,0.0,0.0,0.0,4.0,0.01,2.0,0.008726646259971648,0.008726646259971648,0.01,0,1,timeout_no_capture,0,3085,3085,0,0,0,0,0,0,0.08659823021257534,0.07350307239745275,2.94012289589811,0.08660110537824559,0.07545740010251427,3.018296004100571,13.285540884419007,14.025950433587127,0,0,0,40.0,0.005663896095938981,0.00014159740239847452,0.15204004396218807,0.0038010010990547015,0.15770394005812705,0.003942598501453176,zero_sum_capture,-1,-1,-1,-1,-1,-1,0.7350307239745273,0.7545740010251427
0,0,0,0,0,0,0.08099770503393133,0.04718252906583012,2.500674040488996,0.08657967485915039,0.0387496142805865,2.0537295568710845,53,1.0,0.0011121715247506478,0.00021206407660694278,0.6445712987473392,2.218822365154611,1.1041540035632293,1.2690266070895542,0.7959946937100677,2.5640637104267685,53,1.0,0.00076403392428123,0.0001992440950006684,0.4427185113422237,1.668187823978515,0.589239225405493,0.7155949581904593,0.6174441232506903,2.4216345692607173,1,10.18437392802425,10.862334820116986,0,0,0,53,0.005567252985201776,0.0001050425091547505,0.2031132240081206,0.003832324981285294,0.20868047699332237,0.003937367490440045,zero_sum_capture,-1,-1,-1,-1,53,53,-1,-1,0.8099770503393133,0.4718252906583012,0.8657967485915038,0.387496142805865,-0.35258320830096124,0.7772581989498248,0.7724391614029937,11.394901946482545,-5.42112311385982,9.837054122775939,144,0.1,0.5,76,0.015107324990422999,-0.25621369257248006,0.786629401704166,-4.571661740235052,0.9405270684020247,-6.497331588157874,3125,cartesian+auto_shell,2.0,0.024236989214626057,0.0,0.0,0.0,4.0,0.01,2.0,0.008726646259971648,0.008726646259971648,0.01,0,1,timeout_no_capture,0,3125,3125,0,0,0,0,0,0,0.08099770503393133,0.04718252906583012,2.500674040488996,0.08657967485915039,0.0387496142805865,2.0537295568710845,10.18437392802425,10.862334820116986,0,0,0,53.0,0.005567252985201776,0.0001050425091547505,0.2031132240081206,0.003832324981285294,0.20868047699332237,0.003937367490440045,zero_sum_capture,-1,-1,-1,-1,-1,-1,0.4718252906583012,0.387496142805865
0,0,0,0,0,0,0.08380046896893616,0.043218426716393844,2.6363240297000243,0.08275059308357074,0.0392915929402822,2.3967871693572143,61,1.0,0.0007575656554462068,0.0001573553444989933,0.2956930751730166,1.3364861134501758,0.4465151654965671,0.5189047129778094,0.5465670110644685,2.063872715569941,61,1.0,0.000761602249376121,0.00018264623990559245,0.1527632891513607,1.1328319362622055,0.4931627609987312,0.5875328664456949,0.5029696356985265,1.962749014827063,1,8.12194183977161,8.757496626774728,0,0,0,61,0.005548403016291559,9.095742649658293e-05,0.23523508897051215,0.003856312933942822,0.2407834919868037,0.003947270360439405,zero_sum_capture,-1,-1,-1,-1,61,61,-1,-1,0.8380046896893615,0.43218426716393854,0.8275059308357074,0.39291592940282194,-0.9458543284891316,0.7443171592531848,-0.3172078022616458,-1.130864960109484,-15.305840033314482,4.522433561323421,154,0.1,0.5,73,-0.16717551313269485,0.2591252555707977,0.07287333426365139,-1.8562020329346078,5.0119377643338066,-5.952729950146747,3195,cartesian+auto_shell,2.0,0.02648099428931373,0.0,0.0,0.0,4.0,0.01,2.0,0.008726646259971648,0.008726646259971648,0.01,0,1,timeout_no_capture,0,3195,3195,0,0,0,0,0,0,0.08380046896893616,0.043218426716393844,2.6363240297000243,0.08275059308357074,0.0392915929402822,2.3967871693572143,8.12194183977161,8.757496626774728,0,0,0,61.0,0.005548403016291559,9.095742649658293e-05,0.23523508897051215,0.003856312933942822,0.2407834919868037,0.003947270360439405,zero_sum_capture,-1,-1,-1,-1,-1,-1,0.43218426716393854,0.39291592940282194
0,0,0,0,0,0,0.07619618882202925,0.040920136859873314,3.109930401350372,0.07814615933469798,0.04801601959269904,3.649217489045127,76,1.0,0.0011323108165881568,0.00017806293234762067,0.045147527239282274,1.0829905181175674,0.33547510118937685,0.4549672751189578,0.09112999500883205,1.2725343660454649,76,1.0,0.0008247228699843388,0.0001907620569272735,0.11058819409599642,1.473123752241883,0.4201417838415226,0.5787021211394692,0.08772938391791753,1.2435281953868786,1,9.057320297348587,9.261968403876224,0,0,0,76,0.005512892035767436,7.253805310220311e-05,0.2907105979975313,0.0038251394473359382,0.29622349003329873,0.003897677500438141,zero_sum_capture,-1,-1,-1,-1,76,76,-1,-1,0.7619618882202924,0.40920136859873313,0.7814615933469798,0.48016019592699055,-0.33111166006874915,-0.5628756458465829,0.7660956698074792,-15.423894418769942,-2.3541584050331683,-3.5442092436323605,148,0.1,0.5,52,0.3387328669376275,0.4985897645387176,-0.17106869151653648,6.223211046710691,3.743617380420539,-3.355141305088549,3284,cartesian+auto_shell,2.0,0.02474695870504439,0.0,0.0,0.0,4.0,0.01,2.0,0.008726646259971648,0.008726646259971648,0.01,0,1,timeout_no_capture,0,3284,3284,0,0,0,0,0,0,0.07619618882202925,0.040920136859873314,3.109930401350372,0.07814615933469798,0.04801601959269904,3.649217489045127,9.057320297348587,9.261968403876224,0,0,0,76.0,0.005512892035767436,7.253805310220311e-05,0.2907105979975313,0.0038251394473359382,0.29622349003329873,0.003897677500438141,zero_sum_capture,-1,-1,-1,-1,-1,-1,0.40920136859873313,0.48016019592699055
0,0,0,0,0,0,0.08660078361878759,0.07303711496852729,2.045039219118764,0.08659611396285274,0.07110166384720798,1.9908465877218233,28,1.0,0.0008322915812396444,0.00020295341293970643,0.34470608766014305,1.3544551341013757,0.40055154855450675,0.5523787102397814,0.8540001742891904,2.128387791194923,28,1.0,0.0005216327959036192,0.00019263276215724385,0.21550562881557042,1.1522226384492862,0.38238228832854293,0.499370801065242,0.9164601359025969,2.3385189245057716,1,11.703117721976286,11.819692450218417,0,0,0,28,0.00537804898340255,0.0001920731779786625,0.1073777589481324,0.0038349199624332997,0.11275580793153495,0.004026993140411962,zero_sum_capture,-1,-1,-1,-1,28,28,-1,-1,0.8660078361878758,0.730371149685273,0.8659611396285274,0.7110166384720797,0.29913327373723564,0.5713310988758713,-0.0979579000874029,5.229836971324298,9.97408092186654,-4.143249330830503,109,0.1,0.5,26,-0.8333982657074548,0.5942010443145918,0.937798493157568,1.4986103315690484,-3.661957834622831,-0.5867127845538833,3315,cartesian+auto_shell,2.0,0.023094896483965517,0.0,0.0,0.0,4.0,0.01,2.0,0.008726646259971648,0.008726646259971648,0.01,0,1,timeout_no_capture,0,3315,3315,0,0,0,0,0,0,0.08660078361878759,0.07303711496852729,2.045039219118764,0.08659611396285274,0.07110166384720798,1.9908465877218233,11.703117721976286,11.819692450218417,0,0,0,28.0,0.00537804898340255,0.0001920731779786625,0.1073777589481324,0.0038349199624332997,0.11275580793153495,0.004026993140411962,zero_sum_capture,-1,-1,-1,-1,-1,-1,0.730371149685273,0.7110166384720797
0,0,0,0,0,0,0.08654593806255063,0.07494620120667127,1.723762627753439,0.08659214205155201,0.059527301954739105,1.3691279449589995,23,1.0,0.0016182288898421724,0.00028474678749482423,0.46175282800427064,3.769520670307594,1.811000431837113,2.178885995557252,0.6646258128589684,3.1182144145925363,23,1.0,0.0005268180474757328,0.00016843013597914197,0.04380566508374377,1.757850479146938,0.5529205885952253,0.7943803779605337,0.5071555293230405,2.947694865090844,1,10.973951462360558,11.830277277197954,0,0,0,23,0.005759414983913302,0.0002504093471266653,0.08894353592768312,0.0038671102577253528,0.09470295091159642,0.004117519604852018,zero_sum_capture,-1,-1,-1,-1,23,23,-1,-1,0.8654593806255063,0.7494620120667124,0.86592142051552,0.5952730195473912,0.27525791219852613,-0.45114761459276753,0.774007144108513,7.894292152279853,5.724381374992813,6.993683527876289,93,0.1,0.5,0,0.7927455753870016,-0.48409973832317243,0.5001631452870843,-2.953199756794835,-0.22683444424194926,-2.688337280062226,3350,cartesian+auto_shell,2.0,0.026568077578842515,0.0,0.0,0.0,4.0,0.01,2.0,0.008726646259971648,0.008726646259971648,0.01,0,1,timeout_no_capture,0,3350,3350,0,0,0,0,0,0,0.08654593806255063,0.07494620120667127,1.723762627753439,0.08659214205155201,0.059527301954739105,1.3691279449589995,10.973951462360558,11.830277277197954,0,0,0,23.0,0.005759414983913302,0.0002504093471266653,0.08894353592768312,0.0038671102577253528,0.09470295091159642,0.004117519604852018,zero_sum_capture,-1,-1,-1,-1,-1,-1,0.7494620120667124,0.5952730195473912
0,0,0,0,0,0,0.086580111993156,0.08147104632414297,1.7108919728070022,0.07935576028081279,0.04405656024677381,0.9251877651822501,21,1.0,0.0004476231327393795,0.00015013488256750482,0.32504454826146395,0.9535432443476044,0.4352456034071411,0.5223732514399478,0.3457411511505386,2.080588494704509,21,1.0,0.000607668301394147,0.0001897316123629171,0.6952818651755097,2.097946810807432,1.0762343640568892,1.204642687385363,0.24785820483848237,1.9146054524292537,1,11.91026271350943,12.748138577145177,0,0,0,21,0.005551597918383777,0.0002643618056373227,0.08161872008349746,0.003886605718261784,0.08717031800188124,0.004150967523899107,zero_sum_capture,-1,-1,-1,-1,21,21,-1,-1,0.86580111993156,0.8147104632414297,0.7935576028081278,0.4405656024677381,-0.2811859931960179,0.650201287366102,-0.5544023312604063,-5.5829394847983105,1.8098628208891758,-10.466861195155072,115,0.1,0.5,38,-0.8914886603759449,-0.6049182848630852,-0.943658621106108,2.5191296739895077,0.586991067592072,3.0511353906689607,3376,cartesian+auto_shell,2.0,0.02268435285685441,0.0,0.0,0.0,4.0,0.01,2.0,0.008726646259971648,0.008726646259971648,0.01,0,1,timeout_no_capture,0,3376,3376,0,0,0,0,0,0,0.086580111993156,0.08147104632414297,1.7108919728070022,0.07935576028081279,0.04405656024677381,0.9251877651822501,11.91026271350943,12.748138577145177,0,0,0,21.0,0.005551597918383777,0.0002643618056373227,0.08161872008349746,0.003886605718261784,0.08717031800188124,0.004150967523899107,zero_sum_capture,-1,-1,-1,-1,-1,-1,0.8147104632414297,0.4405656024677381
0,0,0,0,0,0,0.08659958952812223,0.06914257777596773,3.4571288887983864,0.08551192902596592,0.07147610296402558,3.573805148201279,50,1.0,0.0007340843563362191,0.00018225111768908054,0.07033815777979587,1.5407516779624812,0.7084475138248514,0.826461653963725,0.12379315232050184,1.5528117113331479,50,1.0,0.001124918779838183,0.0001951762493480137,0.06359642602343674,1.7059358633560544,0.8561232889448838,0.9985722884071289,0.14257075796697746,1.700720059535689,1,7.657751242047255,8.442216197896766,0,0,0,50,0.005554159986786544,0.00011108319973573089,0.18986418505664915,0.003797283701132983,0.1954183450434357,0.003908366900868714,zero_sum_capture,-1,-1,-1,-1,50,50,-1,-1,0.8659958952812222,0.6914257777596774,0.8551192902596592,0.7147610296402557,0.5334438169995754,-0.1628985574055648,-0.6125214668714893,5.229836971324298,9.97408092186654,-4.143249330830503,109,0.1,0.5,18,-0.8474846220587171,-0.6023785034953224,0.3058830687648464,-0.5805288605522274,-3.93737932210443,-0.4000378931181258,3415,cartesian+auto_shell,2.0,0.027884430102123464,0.0,0.0,0.0,4.0,0.01,2.0,0.008726646259971648,0.008726646259971648,0.01,0,1,timeout_no_capture,0,3415,3415,0,0,0,0,0,0,0.08659958952812223,0.06914257777596773,3.4571288887983864,0.08551192902596592,0.07147610296402558,3.573805148201279,7.657751242047255,8.442216197896766,0,0,0,50.0,0.005554159986786544,0.00011108319973573089,0.18986418505664915,0.003797283701132983,0.1954183450434357,0.003908366900868714,zero_sum_capture,-1,-1,-1,-1,-1,-1,0.6914257777596774,0.7147610296402557
0,0,0,0,0,0,0.08632264934615191,0.053672176310017736,2.0932148760906917,0.08654024643582893,0.07561487663811618,2.948980188886531,39,1.0,0.000496695989413739,0.00014040509909077936,0.2896109547842314,1.0237988935551119,0.4015309747445987,0.47099085242114647,0.18827214520545896,1.6750807952762883,39,1.0,0.000921035524766634,0.00018281467971020544,0.3714290250639259,1.5174912881427964,0.7624859721129316,0.8759746522343662,0.19840177017688354,1.597349568165776,1,6.891538127614729,6.387460010811905,0,0,0,39,0.005644201999530196,0.00014472312819308197,0.14948932896368206,0.0038330597170174886,0.15513353096321225,0.003977782845210571,zero_sum_capture,-1,-1,-1,-1,39,39,-1,-1,0.8632264934615191,0.5367217631001774,0.8654024643582893,0.7561487663811618,-0.2061878340275194,0.8845540521185389,-0.495018998032277,-6.440050662903671,-9.275660370547971,4.060526092697822,92,0.1,0.5,24,-0.027695863127972675,0.16650703675109213,0.8405923056407281,2.8972955709633323,0.9301610633527965,-2.5962432033033136,3451,cartesian+auto_shell,2.0,0.022066404717549528,0.0,0.0,0.0,4.0,0.01,2.0,0.008726646259971648,0.008726646259971648,0.01,0,1,timeout_no_capture,0,3451,3451,0,0,0,0,0,0,0.08632264934615191,0.053672176310017736,2.0932148760906917,0.08654024643582893,0.07561487663811618,2.948980188886531,6.891538127614729,6.387460010811905,0,0,0,39.0,0.005644201999530196,0.00014472312819308197,0.14948932896368206,0.0038330597170174886,0.15513353096321225,0.003977782845210571,zero_sum_capture,-1,-1,-1,-1,-1,-1,0.5367217631001774,0.7561487663811618
0,0,0,0,0,0,0.08250578596576985,0.052905041066697724,1.2168159445340476,0.08657019367355706,0.05321954304104604,1.224049489944059,23,1.0,0.0004934643891926641,0.00016178835888087963,0.5350407077342316,0.8669082067605574,0.3135141294485142,0.3832607032842188,0.7824027345163982,3.000485654568836,23,1.0,0.0004791498311965513,0.0001663624939596336,0.48175734105925255,1.8919420675151755,0.6738259069628724,0.8213922796983562,0.7282071702310386,2.9761926113843664,1,13.677435512774107,14.546608582330492,0,0,0,23,0.005531811038963497,0.0002405135234331955,0.0887764620129019,0.0038598461744739957,0.0943082730518654,0.004100359697907191,zero_sum_capture,-1,-1,-1,-1,23,23,-1,-1,0.8250578596576985,0.5290504106669772,0.8657019367355705,0.5321954304104607,0.20636342396525365,0.13039205446462,0.2821714772085573,-9.85212654005222,0.25050184397227165,-12.604477437203224,135,0.1,0.5,39,-0.8427173375368233,0.7132613437886863,-0.11931649603144456,3.236759918068028,-1.2731555594897532,1.9754645413493461,3481,cartesian+auto_shell,2.0,0.024680546064680536,0.0,0.0,0.0,4.0,0.01,2.0,0.008726646259971648,0.008726646259971648,0.01,0,1,timeout_no_capture,0,3481,3481,0,0,0,0,0,0,0.08250578596576985,0.052905041066697724,1.2168159445340476,0.08657019367355706,0.05321954304104604,1.224049489944059,13.677435512774107,14.546608582330492,0,0,0,23.0,0.005531811038963497,0.0002405135234331955,0.0887764620129019,0.0038598461744739957,0.0943082730518654,0.004100359697907191,zero_sum_capture,-1,-1,-1,-1,-1,-1,0.5290504106669772,0.5321954304104607
0,0,0,0,0,0,0.08606240010910848,0.06014081104591929,1.6238018982398208,0.0861619726112982,0.06569066952158523,1.7736480770828011,27,1.0,0.00041858810486551185,9.39114553886264e-05,0.27116809549728,1.0226396838288507,0.3810000186047492,0.47197990187483385,0.28538660143642325,2.3263023510773153,27,1.0,0.0006423490623197513,0.00018225039166348253,0.13457350930003148,1.1435994050971758,0.405737709348132,0.5050471906577999,0.268115112023041,2.297503255954543,1,9.881091105425005,10.508038002339939,0,0,0,27,0.005354566033929586,0.00019831726051591062,0.10298658395186067,0.0038143179241429876,0.10834114998579025,0.004012635184658898,zero_sum_capture,-1,-1,-1,-1,27,27,-1,-1,0.8606240010910848,0.6014081104591928,0.8616197261129819,0.6569066952158523,0.09151167031871621,-0.17611735091138003,-0.02233035298352659,-0.14165438846883294,11.941576958267953,-1.1741694017437962,114,0.1,0.5,26,-0.7651908326615833,0.5950397889112773,-0.23801236810511628,1.4986103315690484,-3.661957834622831,-0.5867127845538833,3482,cartesian+auto_shell,2.0,0.02410248848777848,0.0,0.0,0.0,4.0,0.01,2.0,0.008726646259971648,0.008726646259971648,0.01,0,1,timeout_no_capture,0,3482,3482,0,0,0,0,0,0,0.08606240010910848,0.06014081104591929,1.6238018982398208,0.0861619726112982,0.06569066952158523,1.7736480770828011,9.881091105425005,10.508038002339939,0,0,0,27.0,0.005354566033929586,0.00019831726051591062,0.10298658395186067,0.0038143179241429876,0.10834114998579025,0.004012635184658898,zero_sum_capture,-1,-1,-1,-1,-1,-1,0.6014081104591928,0.6569066952158523
0,0,0,0,0,0,0.08655956279295253,0.028303773436969812,1.6133150859072793,0.08478139251705424,0.06526907461142083,3.720337252850987,57,1.0,0.0008349590464348832,0.0001657686567051291,0.0973926252995911,1.072780219440879,0.20548823648879605,0.2991624549018655,0.05922709923431032,0.8265204311652968,57,1.0,0.0007434296267437041,0.00016104589587565698,0.04276681546734272,0.9112023813950939,0.17744658342593292,0.29029013240444557,0.05501414673954893,0.7912157100557838,1,4.421010388664365,4.0643102743899755,0,0,0,57,0.0055803400464355946,9.790070256904552e-05,0.21982980205211788,0.003856663193896805,0.22541014209855348,0.003954563896465851,zero_sum_capture,-1,-1,-1,-1,57,57,-1,-1,0.8655956279295253,0.2830377343696981,0.8478139251705423,0.6526907461142083,-0.460751449030399,-0.9046882104018121,0.7938868254271296,7.490416315797141,4.6875637157831544,-8.119138490413452,104,0.1,0.5,7,-0.6921375543363133,-0.2325728723238185,-0.8668672575592493,-3.7918143959199004,-0.6870749442213835,1.0724139163204565,3497,cartesian+auto_shell,2.0,0.028220830147123628,0.0,0.0,0.0,4.0,0.01,2.0,0.008726646259971648,0.008726646259971648,0.01,0,1,timeout_no_capture,0,3497,3497,0,0,0,0,0,0,0.08655956279295253,0.028303773436969812,1.6133150859072793,0.08478139251705424,0.06526907461142083,3.720337252850987,4.421010388664365,4.0643102743899755,0,0,0,57.0,0.0055803400464355946,9.790070256904552e-05,0.21982980205211788,0.003856663193896805,0.22541014209855348,0.003954563896465851,zero_sum_capture,-1,-1,-1,-1,-1,-1,0.2830377343696981,0.6526907461142083
0,0,0,0,0,0,0.08645293605434734,0.061436674343995835,3.071833717199792,0.08660081460312358,0.06501647960988095,3.2508239804940477,50,1.0,0.0014010640865415676,0.00020596494627408008,0.08161649118221805,1.5594558557809917,0.3067467059061659,0.42153959208760283,0.1085802805487875,1.074086006711315,50,1.0,0.0012428971019814122,0.000260833819962761,0.23222842298216967,2.7782774809087702,0.6058429192178241,0.9249867528916175,0.12185910366282578,1.1906979066110572,1,6.433484309272558,7.120483395538818,0,0,0,50,0.005604040925391018,0.00011208081850782037,0.21727836807258427,0.004345567361451685,0.2228824089979753,0.0044576481799595054,zero_sum_capture,-1,-1,-1,-1,50,50,-1,-1,0.8645293605434734,0.6143667434399583,0.8660081460312357,0.6501647960988095,-0.2667878624700162,0.14991812131444915,0.6572085439927451,-9.397956935766503,4.265876884363914,-6.1221483027551615,118,0.1,0.5,39,0.6106273061347298,0.8123692293888947,-0.647087340267932,3.236759918068028,-1.2731555594897532,1.9754645413493461,3502,cartesian+auto_shell,2.0,0.028035556174727257,0.0,0.0,0.0,4.0,0.01,2.0,0.008726646259971648,0.008726646259971648,0.01,0,1,timeout_no_capture,0,3502,3502,0,0,0,0,0,0,0.08645293605434734,0.061436674343995835,3.071833717199792,0.08660081460312358,0.06501647960988095,3.2508239804940477,6.433484309272558,7.120483395538818,0,0,0,50.0,0.005604040925391018,0.00011208081850782037,0.21727836807258427,0.004345567361451685,0.2228824089979753,0.0044576481799595054,zero_sum_capture,-1,-1,-1,-1,-1,-1,0.6143667434399583,0.6501647960988095
0,0,0,0,0,0,0.07921047592575413,0.040532066662657816,2.7561805330607316,0.07947525174355918,0.04858867815273352,3.304030114385879,68,1.0,0.0006858754144234889,0.00017500876352284723,0.3041696275394462,0.9063228985913317,0.37237022782771845,0.4205453581717707,0.21924829371104423,1.6768386649392926,68,1.0,0.0006282295924567875,0.00016653233894044718,0.38480785825056607,1.2311368633102306,0.3571508658786354,0.43310953121020773,0.23876406637220116,1.7443018869746134,1,8.457177834371336,8.762415282492073,0,0,0,68,0.005593362031504512,8.225532399271341e-05,0.260063232970424,0.003824459308388588,0.2656565950019285,0.003906714632381301,zero_sum_capture,-1,-1,-1,-1,68,68,-1,-1,0.7921047592575412,0.4053206666265782,0.7947525174355917,0.48588678152733517,0.012021764182357897,0.8818374221139831,-0.15742197671577185,15.271621333621535,2.864502587094979,3.817355992175965,131,0.1,0.5,66,-0.4912968490786367,0.6376901734283249,-0.5521143604408019,-4.222219204125976,-6.192286280513972,-2.797937742779182,3505,cartesian+auto_shell,2.0,0.020405981685956136,0.0,0.0,0.0,4.0,0.01,2.0,0.008726646259971648,0.008726646259971648,0.01,0,1,timeout_no_capture,0,3505,3505,0,0,0,0,0,0,0.07921047592575413,0.040532066662657816,2.7561805330607316,0.07947525174355918,0.04858867815273352,3.304030114385879,8.457177834371336,8.762415282492073,0,0,0,68.0,0.005593362031504512,8.225532399271341e-05,0.260063232970424,0.003824459308388588,0.2656565950019285,0.003906714632381301,zero_sum_capture,-1,-1,-1,-1,-1,-1,0.4053206666265782,0.48588678152733517
0,0,0,0,0,0,0.08649413705298097,0.042930749547681946,3.4773907133622375,0.08655659047395818,0.05769422445462429,4.673232180824567,81,1.0,0.0009568362296585619,0.00019099704567842438,0.6538484052573177,2.1194876905552014,0.6961178369849583,0.8226257536420201,0.16557312267088564,1.3985660399522926,81,1.0,0.0008007196649563508,0.00013596792364148659,0.5880848041481382,0.895614478059536,0.45874378802626586,0.5005572287243322,0.161423250170252,1.3970305749865926,1,6.86338847795602,6.9477749492901415,0,0,0,81,0.005603704019449651,6.918153110431668e-05,0.31187094596680254,0.0038502585921827473,0.3174746499862522,0.003919440123287064,zero_sum_capture,-1,-1,-1,-1,81,81,-1,-1,0.8649413705298096,0.4293074954768195,0.8655659047395817,0.5769422445462428,0.3118529313201712,-0.0003365151132104227,-0.61903372279751,10.907247546295332,4.205153177288809,10.924680211309266,139,0.1,0.5,71,-0.09389824320875229,0.11433158469745264,-0.840300621509678,-3.9939500740607556,-3.1703726136460895,-6.164178801474935,3508,cartesian+auto_shell,2.0,0.03039136622223327,0.0,0.0,0.0,4.0,0.01,2.0,0.008726646259971648,0.008726646259971648,0.01,0,1,timeout_no_capture,0,3508,3508,0,0,0,0,0,0,0.08649413705298097,0.042930749547681946,3.4773907133622375,0.08655659047395818,0.05769422445462429,4.673232180824567,6.86338847795602,6.9477749492901415,0,0,0,81.0,0.005603704019449651,6.918153110431668e-05,0.31187094596680254,0.0038502585921827473,0.3174746499862522,0.003919440123287064,zero_sum_capture,-1,-1,-1,-1,-1,-1,0.4293074954768195,0.5769422445462428
0,0,0,0,0,0,0.08642639530187757,0.07858239197370921,2.0431421913164396,0.0865897509772411,0.07397270117410379,1.9232902305266986,26,1.0,0.0006508391050313667,0.00019288735110345077,1.0704106493057186,2.12765287586559,0.9591397163892202,1.1023123736165688,0.9219146420117127,2.713438961981921,26,1.0,0.0009911818282703167,0.0001629725297155795,1.3376207143572385,2.5364390503794794,1.393781798381613,1.5869057444565728,1.3612023109759201,2.909904145844226,1,15.113170974354206,15.96871607804892,0,0,0,26,0.005606514983810484,0.00021563519168501862,0.09943029400892556,0.0038242420772663676,0.10503680899273604,0.004039877268951386,zero_sum_capture,-1,-1,-1,-1,26,26,-1,-1,0.8642639530187756,0.7858239197370922,0.865897509772411,0.7397270117410379,-0.4853489807693412,-0.8195325496258874,-0.12758501308210168,-15.284349087179383,0.5982744709349291,4.6936915789883695,153,0.1,0.5,37,-0.6571363555304919,0.9175629886384711,-0.7055470001766233,3.9805289935966788,-0.25972754203379617,0.29653083321181106,3517,cartesian+auto_shell,2.0,0.021447992539608763,0.0,0.0,0.0,4.0,0.01,2.0,0.008726646259971648,0.008726646259971648,0.01,0,1,timeout_no_capture,0,3517,3517,0,0,0,0,0,0,0.08642639530187757,0.07858239197370921,2.0431421913164396,0.0865897509772411,0.07397270117410379,1.9232902305266986,15.113170974354206,15.96871607804892,0,0,0,26.0,0.005606514983810484,0.00021563519168501862,0.09943029400892556,0.0038242420772663676,0.10503680899273604,0.004039877268951386,zero_sum_capture,-1,-1,-1,-1,-1,-1,0.7858239197370922,0.7397270117410379
0,0,0,0,0,0,0.08395972094423781,0.05989207699192184,1.856654386749577,0.08253592860874542,0.06286417240201783,1.9487893444625526,31,1.0,0.00036319128906980863,0.00015470649955568087,0.5634412541241055,1.677743706096159,0.7496033169794774,0.889869084950837,0.06769585332509966,1.7045732626601675,31,1.0,0.0006454433298139763,0.00013839553270729178,0.3442472678021855,0.9138817206013924,0.4045272154627536,0.47977038000973843,0.08294117175822859,1.7292860505118783,1,7.959829845748447,8.507464037535703,0,0,0,31,0.005740867112763226,0.00018518926170203956,0.12041237589437515,0.0038842701901411337,0.12615324300713837,0.004069459451843173,zero_sum_capture,-1,-1,-1,-1,31,31,-1,-1,0.839597209442378,0.5989207699192185,0.8253592860874542,0.628641724020178,0.8102430796659672,-0.6816979190412236,-0.7230463355992429,-10.631066422805295,2.1428716166972945,5.136976537639134,108,0.1,0.5,16,0.3360847321798308,-0.3671914202432647,0.8844315159234275,1.5409992759505766,-0.255204063195616,-3.6824166138078733,3520,cartesian+auto_shell,2.0,0.026170022342714813,0.0,0.0,0.0,4.0,0.01,2.0,0.008726646259971648,0.008726646259971648,0.01,0,1,timeout_no_capture,0,3520,3520,0,0,0,0,0,0,0.08395972094423781,0.05989207699192184,1.856654386749577,0.08253592860874542,0.06286417240201783,1.9487893444625526,7.959829845748447,8.507464037535703,0,0,0,31.0,0.005740867112763226,0.00018518926170203956,0.12041237589437515,0.0038842701901411337,0.12615324300713837,0.004069459451843173,zero_sum_capture,-1,-1,-1,-1,-1,-1,0.5989207699192185,0.628641724020178
0,0,0,0,0,0,0.08627951339098805,0.049084950921441516,2.846927153443608,0.07361722867905941,0.053986750689195846,3.131231539973359,58,1.0,0.0010358804786710736,0.0002019813557877832,0.5088776865349254,1.8125245694529635,1.0580141266589802,1.1728581889882768,0.18264613285881487,2.1555829117308525,58,1.0,0.0005816003079161929,0.00015229448707400635,0.23064051695704607,1.0537580490250242,0.3772464345901904,0.49178695762187324,0.16035954424468232,2.0718565595132734,1,4.3143278696387215,5.217812389492839,0,0,0,58,0.0055242369417101145,9.524546451224335e-05,0.22056130901910365,0.0038027811899845458,0.22608554596081376,0.003898026654496789,zero_sum_capture,-1,-1,-1,-1,58,58,-1,-1,0.8627951339098805,0.490849509214415,0.7361722867905941,0.5398675068919584,-0.7549089562324167,-0.059747794873523,0.30103741666399153,11.083263078769793,-4.415906323484403,1.2888176244095848,83,0.1,0.5,12,-0.9713389407184436,0.3578561271452285,-0.11935967224731092,-3.1323963967993036,1.0958531588256177,2.2332036780398363,3521,cartesian+auto_shell,2.0,0.025131866348375807,0.0,0.0,0.0,4.0,0.01,2.0,0.008726646259971648,0.008726646259971648,0.01,0,1,timeout_no_capture,0,3521,3521,0,0,0,0,0,0,0.08627951339098805,0.049084950921441516,2.846927153443608,0.07361722867905941,0.053986750689195846,3.131231539973359,4.3143278696387215,5.217812389492839,0,0,0,58.0,0.0055242369417101145,9.524546451224335e-05,0.22056130901910365,0.0038027811899845458,0.22608554596081376,0.003898026654496789,zero_sum_capture,-1,-1,-1,-1,-1,-1,0.490849509214415,0.5398675068919584
0,0,0,0,0,0,0.08399100608134752,0.017084754359184055,0.4100341046204173,0.08195370340438228,0.0721047993717349,1.7305151849216376,24,1.0,0.0006601175707371111,0.0001803719982923547,0.309939515871249,1.1002792396839334,0.41051821613789213,0.5138095865685648,0.33619648629218046,2.2450210014536016,24,1.0,0.0009405834053327284,0.0001793738124798652,0.04597940629863,0.6108982279597378,0.24258314574383782,0.3018536978655758,0.30781273040602336,2.303180174412394,1,12.838727171222228,13.162968007359936,0,0,0,24,0.005620458046905696,0.00023418575195440403,0.09262918203603476,0.0038595492515014485,0.09824964008294046,0.004093735003455852,zero_sum_capture,-1,-1,-1,-1,24,24,-1,-1,0.8399100608134751,0.17084754359184054,0.8195370340438227,0.7210479937173488,0.698395860349859,-0.9204917073911569,-0.6744176476116979,-6.465114568943473,14.314301683560197,3.0500919531156043,137,0.1,0.5,38,-0.7204147766228184,-0.8741673703484787,-0.7522797720629326,2.5191296739895077,0.586991067592072,3.0511353906689607,3525,cartesian+auto_shell,2.0,0.022174324330851355,0.0,0.0,0.0,4.0,0.01,2.0,0.008726646259971648,0.008726646259971648,0.01,0,1,timeout_no_capture,0,3525,3525,0,0,0,0,0,0,0.08399100608134752,0.017084754359184055,0.4100341046204173,0.08195370340438228,0.0721047993717349,1.7305151849216376,12.838727171222228,13.162968007359936,0,0,0,24.0,0.005620458046905696,0.00023418575195440403,0.09262918203603476,0.0038595492515014485,0.09824964008294046,0.004093735003455852,zero_sum_capture,-1,-1,-1,-1,-1,-1,0.17084754359184054,0.7210479937173488
0,0,0,0,0,0,0.07310758707381915,0.03492560192878004,1.920908106082902,0.08658035714144972,0.05945641689604696,3.2701029292825825,55,1.0,0.000774383650147018,0.00016053676046743335,0.03653075572745923,0.921106053680023,0.21791906489895327,0.2934998183081247,0.18356600807751228,1.1867302110179825,55,1.0,0.0010100641029960938,0.00020906335815816122,0.3968595337987949,1.6821511631274324,0.5030945299207082,0.6611633330105091,0.17714550482610358,1.2251229118935019,1,4.979036100741466,5.818148319876807,0,0,0,55,0.005470986012369394,9.947247295217081e-05,0.20971886906772852,0.003813070346685973,0.2151898550800979,0.003912542819638144,zero_sum_capture,-1,-1,-1,-1,55,55,-1,-1,0.7310758707381915,0.3492560192878003,0.8658035714144972,0.5945641689604696,-0.3636820858403016,-0.30445864517430565,-0.30014586429005274,6.986309152262795,-0.23283483231668234,9.753833726790159,85,0.1,0.5,8,-0.4527637635510746,-0.9076713399314873,-0.7591459851947684,-0.4028047822753058,-1.133440894749664,-3.814847316143232,3529,cartesian+auto_shell,2.0,0.026418628097887375,0.0,0.0,0.0,4.0,0.01,2.0,0.008726646259971648,0.008726646259971648,0.01,0,1,timeout_no_capture,0,3529,3529,0,0,0,0,0,0,0.07310758707381915,0.03492560192878004,1.920908106082902,0.08658035714144972,0.05945641689604696,3.2701029292825825,4.979036100741466,5.818148319876807,0,0,0,55.0,0.005470986012369394,9.947247295217081e-05,0.20971886906772852,0.003813070346685973,0.2151898550800979,0.003912542819638144,zero_sum_capture,-1,-1,-1,-1,-1,-1,0.3492560192878003,0.5945641689604696
0,0,0,0,0,0,0.08412533267030922,0.03791756581825987,2.3888066465503717,0.0833124346158338,0.05007481143774852,3.154713120578157,63,1.0,0.0006952188568199015,0.00018044606157583093,0.06734538674714874,0.7353434492468308,0.30451440433268717,0.36139426671816854,0.5642782524012238,2.096441194084842,63,1.0,0.0007318933344195611,0.00014245622291679023,0.0511590783009935,1.0531323324737643,0.3825229554756028,0.45002693327703164,0.5374010472775664,2.3159851500541406,1,8.493720515067217,9.048398775943625,0,0,0,63,0.005792600917629898,9.194604631158567e-05,0.2680919379927218,0.00425542758718606,0.2738845389103517,0.004347373633497646,zero_sum_capture,-1,-1,-1,-1,63,63,-1,-1,0.8412533267030922,0.37917565818259874,0.833124346158338,0.500748114377485,0.18905105532375233,-0.1869687298296101,0.5251170315871001,-15.423894418769942,-2.3541584050331683,-3.5442092436323605,148,0.1,0.5,46,0.5149778221847308,0.9619548453776734,-0.8916281591496631,3.8239038484250663,1.1482157858076234,6.932485836063582,3574,cartesian+auto_shell,2.0,0.027143302425500435,0.0,0.0,0.0,4.0,0.01,2.0,0.008726646259971648,0.008726646259971648,0.01,0,1,timeout_no_capture,0,3574,3574,0,0,0,0,0,0,0.08412533267030922,0.03791756581825987,2.3888066465503717,0.0833124346158338,0.05007481143774852,3.154713120578157,8.493720515067217,9.048398775943625,0,0,0,63.0,0.005792600917629898,9.194604631158567e-05,0.2680919379927218,0.00425542758718606,0.2738845389103517,0.004347373633497646,zero_sum_capture,-1,-1,-1,-1,-1,-1,0.37917565818259874,0.500748114377485
0,0,0,0,0,0,0.07901626838941618,0.04961585055188606,2.530408378146189,0.08659907333189627,0.0724643898224056,3.695683880942686,51,1.0,0.0010017968904590204,0.00021994790840326742,0.1271294850223574,1.1059939079408005,0.2519832840521944,0.3734552392368888,0.08098852240988094,1.047458478267096,51,1.0,0.0011486949969506523,0.0001850446972786674,0.2306612261183989,2.007875609018953,0.5338779722703475,0.7235467913388303,0.08204215254821648,1.1169105429734332,1,7.1941733522788756,7.948654159942758,0,0,0,51,0.005623822915367782,0.00011027103755623102,0.19498932908754796,0.003823320178187215,0.20061315200291574,0.003933591215743446,zero_sum_capture,-1,-1,-1,-1,51,51,-1,-1,0.7901626838941618,0.4961585055188606,0.8659907333189627,0.7246438982240563,0.953961219671152,0.5489427294254738,-0.818975426126447,-8.414059848166305,-3.248927160170804,-7.915053327639688,110,0.1,0.5,25,0.984354470665836,0.449945350218369,0.698298155180382,-0.809808416102907,1.6373250664356762,3.5585638895529623,3632,cartesian+auto_shell,2.0,0.02852063435751414,0.0,0.0,0.0,4.0,0.01,2.0,0.008726646259971648,0.008726646259971648,0.01,0,1,timeout_no_capture,0,3632,3632,0,0,0,0,0,0,0.07901626838941618,0.04961585055188606,2.530408378146189,0.08659907333189627,0.0724643898224056,3.695683880942686,7.1941733522788756,7.948654159942758,0,0,0,51.0,0.005623822915367782,0.00011027103755623102,0.19498932908754796,0.003823320178187215,0.20061315200291574,0.003933591215743446,zero_sum_capture,-1,-1,-1,-1,-1,-1,0.4961585055188606,0.7246438982240563
0,0,0,0,0,0,0.08581796435721079,0.04364893256720416,3.6665103356451496,0.08621469061875678,0.0617846053281171,5.189906847561836,84,1.0,0.0007276569993348366,0.00015492938334158335,0.035282409390706065,1.0846424707676767,0.2594540043988517,0.33405420240529093,0.12737934475371962,1.211204009401958,84,1.0,0.0011654102393435595,0.00017907579228994535,0.5993616239040622,1.920847972110336,0.56831083464876,0.6857022114427395,0.11884107146516841,1.2586962476627381,1,6.451313568078157,6.486631944669811,0,0,0,84,0.005604436038993299,6.671947665468214e-05,0.32465179497376084,0.0038649023211162004,0.33025623101275414,0.003931621797770883,zero_sum_capture,-1,-1,-1,-1,84,84,-1,-1,0.8581796435721077,0.43648932567204163,0.8621469061875677,0.6178460532811709,-0.3845033106119182,-0.7786379317478878,0.5210595310480279,11.956387856604497,10.55540807575989,1.2759897243408667,126,0.1,0.5,61,0.4377221246929488,-0.7481271280672825,0.9306291179193675,-4.025627814048647,-6.624496818515896,1.9774636796236482,3712,cartesian+auto_shell,2.0,0.02740220579588259,0.0,0.0,0.0,4.0,0.01,2.0,0.008726646259971648,0.008726646259971648,0.01,0,1,timeout_no_capture,0,3712,3712,0,0,0,0,0,0,0.08581796435721079,0.04364893256720416,3.6665103356451496,0.08621469061875678,0.0617846053281171,5.189906847561836,6.451313568078157,6.486631944669811,0,0,0,84.0,0.005604436038993299,6.671947665468214e-05,0.32465179497376084,0.0038649023211162004,0.33025623101275414,0.003931621797770883,zero_sum_capture,-1,-1,-1,-1,-1,-1,0.43648932567204163,0.6178460532811709
0,0,0,0,0,0,0.08626191935155347,0.04165990054463264,3.79105094956157,0.08616776424006502,0.05337364154549578,4.857001380640116,91,1.0,0.0007536565248998418,0.0001641950325697324,0.08398470418444083,1.2179015711339887,0.22794308335559904,0.3217582363588469,0.03210565740594975,0.8882768647117032,91,1.0,0.0008544763401118607,0.0001842776133268354,0.33635106200755327,2.9759985465306253,0.5292584964314854,0.8854885786602904,0.030547869003838317,0.8962200238544231,1,6.308796851997249,6.2244875756423035,0,0,0,91,0.005615217029117048,6.170568163864888e-05,0.35111191391479224,0.003858372680382332,0.3567271309439093,0.003920078362020981,zero_sum_capture,-1,-1,-1,-1,91,91,-1,-1,0.8626191935155346,0.4165990054463262,0.8616776424006501,0.5337364154549576,0.15735137220136042,0.6313808072960545,-0.5241974772071096,14.526374879869811,-6.374338583282279,2.0862024051290433,136,0.1,0.5,72,-0.6191981783029841,0.7377049867021814,0.8458899437220484,-6.438216145755037,2.42715625436634,4.081456281455127,3719,cartesian+auto_shell,2.0,0.020977895799686452,0.0,0.0,0.0,4.0,0.01,2.0,0.008726646259971648,0.008726646259971648,0.01,0,1,timeout_no_capture,0,3719,3719,0,0,0,0,0,0,0.08626191935155347,0.04165990054463264,3.79105094956157,0.08616776424006502,0.05337364154549578,4.857001380640116,6.308796851997249,6.2244875756423035,0,0,0,91.0,0.005615217029117048,6.170568163864888e-05,0.35111191391479224,0.003858372680382332,0.3567271309439093,0.003920078362020981,zero_sum_capture,-1,-1,-1,-1,-1,-1,0.4165990054463262,0.5337364154549576
0,0,0,0,0,0,0.08535332474312485,0.055144562615356295,2.3712161924603206,0.08226358313689325,0.06731577387911648,2.8945782768020085,43,1.0,0.0005560543001562022,0.0001650962892550829,0.31160689309237266,1.888514869701673,0.3837470982100074,0.5172104561615413,0.18033203495495959,1.7026168669257211,43,1.0,0.0005815464929861122,0.00014599007743571212,0.08164373331555748,1.0921772030935823,0.3171701425007504,0.4028710510789076,0.17743654649144286,1.6700708885389146,1,11.607992357145532,12.18810798767918,0,0,0,43,0.006342164007946849,0.00014749218623132207,0.1646616089856252,0.003829339743851749,0.17100377299357206,0.0039768319300830714,zero_sum_capture,-1,-1,-1,-1,43,43,-1,-1,0.8535332474312485,0.551445626153563,0.8226358313689324,0.6731577387911648,-0.3505911648475064,-0.2220572376381238,-0.03762804407707865,1.6377992708068152,15.88394935332764,1.0088441353683575,129,0.1,0.5,31,-0.4824942900899689,-0.34484884397376403,-0.919664258091115,1.2629924141410693,-3.416820479552357,1.6523280462225758,3720,cartesian+auto_shell,2.0,0.029433198372801804,0.0,0.0,0.0,4.0,0.01,2.0,0.008726646259971648,0.008726646259971648,0.01,0,1,timeout_no_capture,0,3720,3720,0,0,0,0,0,0,0.08535332474312485,0.055144562615356295,2.3712161924603206,0.08226358313689325,0.06731577387911648,2.8945782768020085,11.607992357145532,12.18810798767918,0,0,0,43.0,0.006342164007946849,0.00014749218623132207,0.1646616089856252,0.003829339743851749,0.17100377299357206,0.0039768319300830714,zero_sum_capture,-1,-1,-1,-1,-1,-1,0.551445626153563,0.6731577387911648
0,0,0,0,0,0,0.07980789878630118,0.05474261772154936,2.3539325620266225,0.08555028987612513,0.0590351807441146,2.538512771996928,43,1.0,0.0013381459642695047,0.0001912116599209343,0.5021958710482478,2.2377532624666574,0.8425432769921202,1.0225864632621182,0.5262638472374784,2.1858311662232017,43,1.0,0.0005156715975652847,0.0001845898487778545,0.32427615022671424,1.1571779655227665,0.4810078447239659,0.5872467956394241,0.5123510793646685,2.24638638732641,1,14.215635666585284,14.879133657739951,0,0,0,43,0.00564733799546957,0.0001313334417551063,0.1639778019161895,0.003813437253864872,0.16962513991165906,0.0039447706956199785,zero_sum_capture,-1,-1,-1,-1,43,43,-1,-1,0.7980789878630118,0.5474261772154936,0.8555028987612513,0.590351807441146,-0.855852501501329,0.8286452510132758,0.7707906303114618,-8.481722516952999,12.165899902030855,-6.004270373590625,132,0.1,0.5,21,0.7063286391415291,-0.5194245776172788,0.7366917698759508,1.7845891740694755,-2.4319160896931797,-2.626980322059048,3732,cartesian+auto_shell,2.0,0.020015417616007655,0.0,0.0,0.0,4.0,0.01,2.0,0.008726646259971648,0.008726646259971648,0.01,0,1,timeout_no_capture,0,3732,3732,0,0,0,0,0,0,0.07980789878630118,0.05474261772154936,2.3539325620266225,0.08555028987612513,0.0590351807441146,2.538512771996928,14.215635666585284,14.879133657739951,0,0,0,43.0,0.00564733799546957,0.0001313334417551063,0.1639778019161895,0.003813437253864872,0.16962513991165906,0.0039447706956199785,zero_sum_capture,-1,-1,-1,-1,-1,-1,0.5474261772154936,0.590351807441146
0,0,0,0,0,0,0.08611195090683582,0.07077285685094922,1.627775707571832,0.083795777740998,0.07106278640711829,1.6344440873637207,23,1.0,0.0006988595259494043,0.0001869497038602921,0.26070915719921983,0.9721174444864061,0.29139789681988276,0.38171065815208666,0.2433971365486586,1.9659319189696778,23,1.0,0.0006053561354604636,0.00016362806926227265,0.28554422048827727,0.9643721736019121,0.2624210061818648,0.3482600204564282,0.23842447294026012,1.8895274278281509,1,9.215504882362668,9.951785225922709,0,0,0,23,0.005607657018117607,0.00024381117470076552,0.08803717198316008,0.003827703129702612,0.09364482900127769,0.0040715143044033775,zero_sum_capture,-1,-1,-1,-1,23,23,-1,-1,0.8611195090683581,0.7077285685094922,0.8379577774099799,0.7106278640711828,-0.9708977068327853,-0.31509733852425437,0.348049076306304,11.083263078769793,-4.415906323484403,1.2888176244095848,83,0.1,0.5,7,0.7852640362761845,0.5859312283454277,-0.9476661524964338,-3.7918143959199004,-0.6870749442213835,1.0724139163204565,3833,cartesian+auto_shell,2.0,0.01990020356021837,0.0,0.0,0.0,4.0,0.01,2.0,0.008726646259971648,0.008726646259971648,0.01,0,1,timeout_no_capture,0,3833,3833,0,0,0,0,0,0,0.08611195090683582,0.07077285685094922,1.627775707571832,0.083795777740998,0.07106278640711829,1.6344440873637207,9.215504882362668,9.951785225922709,0,0,0,23.0,0.005607657018117607,0.00024381117470076552,0.08803717198316008,0.003827703129702612,0.09364482900127769,0.0040715143044033775,zero_sum_capture,-1,-1,-1,-1,-1,-1,0.7077285685094922,0.7106278640711828
0,0,0,0,0,0,0.07833027734971587,0.053125243464147216,1.3812563300678276,0.08337683136996983,0.058178996241616404,1.5126539022820265,26,1.0,0.0006386414434039449,0.00021208558700190448,1.6780351321303184,2.0519322183684228,0.9180807631021183,1.1075519752487748,1.5646421929487955,2.9937994525145473,26,1.0,0.00039308893795564137,0.00013289857687624843,0.9335205027245463,2.410083893388636,1.143671065985013,1.3660287347207194,0.7681636688113506,2.5709780014139825,1,8.516573725528707,8.375587438522324,0,0,0,26,0.00556533201597631,0.00021405123138370423,0.10114280704874545,0.0038901079634132865,0.10670813906472176,0.004104159194796991,zero_sum_capture,-1,-1,-1,-1,26,26,-1,-1,0.7833027734971586,0.5312524346414721,0.8337683136996983,0.581789962416164,0.9842041778798747,-0.24996199772591798,0.5552369295970876,-9.397956935766503,4.265876884363914,-6.1221483027551615,118,0.1,0.5,29,-0.7274561550090348,0.48061422376162555,0.8157042710636255,3.335692183914313,-1.227863338433717,-1.8345324407879433,3847,cartesian+auto_shell,2.0,0.023398630106566273,0.0,0.0,0.0,4.0,0.01,2.0,0.008726646259971648,0.008726646259971648,0.01,0,1,timeout_no_capture,0,3847,3847,0,0,0,0,0,0,0.07833027734971587,0.053125243464147216,1.3812563300678276,0.08337683136996983,0.058178996241616404,1.5126539022820265,8.516573725528707,8.375587438522324,0,0,0,26.0,0.00556533201597631,0.00021405123138370423,0.10114280704874545,0.0038901079634132865,0.10670813906472176,0.004104159194796991,zero_sum_capture,-1,-1,-1,-1,-1,-1,0.5312524346414721,0.581789962416164
0,0,0,0,0,0,0.08660203279133291,0.07886858468282423,2.1294517864362543,0.08535724647281515,0.05591681498203777,1.50975400451502,27,1.0,0.0005128091200747597,0.00022039266892105277,0.2977027298096536,1.2299916150820027,0.29836267724530324,0.4262529019374112,0.7352389345588477,2.0622593029349714,27,1.0,0.0004082944244073365,0.00015494279752210986,0.9670600305594899,1.902927498749588,1.0063386081738663,1.0996361657310085,1.0252285070378662,2.23590922370467,1,11.4055214970193,11.628493185064917,0,0,0,27,0.005676725064404309,0.00021024907645941885,0.10346658492926508,0.003832095738120929,0.10914330999366939,0.004042344814580347,zero_sum_capture,-1,-1,-1,-1,27,27,-1,-1,0.8660203279133291,0.7886858468282422,0.8535724647281514,0.5591681498203778,0.40683702182536496,0.8946324411254496,-0.3008344264023255,1.6172050563269638,4.988836174230787,-10.793338752789925,112,0.1,0.5,36,-0.7563265759988025,0.3615132924161577,-0.4605845994675726,1.7380466738722042,-1.9366954211022591,3.0378289295685015,3871,cartesian+auto_shell,2.0,0.024748658911917618,0.0,0.0,0.0,4.0,0.01,2.0,0.008726646259971648,0.008726646259971648,0.01,0,1,timeout_no_capture,0,3871,3871,0,0,0,0,0,0,0.08660203279133291,0.07886858468282423,2.1294517864362543,0.08535724647281515,0.05591681498203777,1.50975400451502,11.4055214970193,11.628493185064917,0,0,0,27.0,0.005676725064404309,0.00021024907645941885,0.10346658492926508,0.003832095738120929,0.10914330999366939,0.004042344814580347,zero_sum_capture,-1,-1,-1,-1,-1,-1,0.7886858468282422,0.5591681498203778
0,0,0,0,0,0,0.08578547929489305,0.0579810194841422,1.9133736429766925,0.08601530649018661,0.060766799759736485,2.005304392071304,33,1.0,0.0007106103967164633,0.00014358052440209976,0.047274900839531654,1.2832862698763519,0.6253217911364394,0.6995596419582686,1.9911279284790326,3.855726688932204,33,1.0,0.0005097302988259942,0.00017415079086623974,0.1227751881122958,1.229560145254368,0.3911134957310014,0.4725969424472862,2.0094189107353086,3.8936789653067185,1,11.778082107338959,12.669811523345286,0,0,0,33,0.005670291022397578,0.00017182700067871448,0.12674265098758042,0.003840686393563043,0.132412942009978,0.004012513394241758,zero_sum_capture,-1,-1,-1,-1,33,33,-1,-1,0.8578547929489305,0.5798101948414219,0.860153064901866,0.6076679975973648,0.2219521864144336,0.7610426520724702,0.8994651534321125,8.78376630826162,-13.269416887616893,-1.6637382319570617,141,0.1,0.5,4,0.2511176088838176,0.36420157351008453,0.21855337730336655,-3.5929203034184485,1.753673410699059,0.12471271743735177,3922,cartesian+auto_shell,2.0,0.02660785047054476,0.0,0.0,0.0,4.0,0.01,2.0,0.008726646259971648,0.008726646259971648,0.01,0,1,timeout_no_capture,0,3922,3922,0,0,0,0,0,0,0.08578547929489305,0.0579810194841422,1.9133736429766925,0.08601530649018661,0.060766799759736485,2.005304392071304,11.778082107338959,12.669811523345286,0,0,0,33.0,0.005670291022397578,0.00017182700067871448,0.12674265098758042,0.003840686393563043,0.132412942009978,0.004012513394241758,zero_sum_capture,-1,-1,-1,-1,-1,-1,0.5798101948414219,0.6076679975973648
0,0,0,0,0,0,0.07805766321512746,0.04235457514263335,2.7106928091285343,0.07666522114910347,0.06082161614524238,3.8925834332955125,64,1.0,0.000593660672401754,0.00015893067283357892,0.41003011648927684,1.2746500116070165,0.2940263470090781,0.40603049495520793,0.06915380549982425,0.977368705813614,64,1.0,0.0008805082314954327,0.00017827740579954706,0.1008541210242726,2.189606165806922,0.47347714478319763,0.7095280344487629,0.0682046439688782,1.030165878256726,1,5.648047719751548,6.193649021364095,0,0,0,64,0.0055410959757864475,8.657962462166324e-05,0.2454005889594555,0.003834384202491492,0.25094168493524194,0.003920963827113155,zero_sum_capture,-1,-1,-1,-1,64,64,-1,-1,0.7805766321512745,0.4235457514263335,0.7666522114910347,0.6082161614524237,-0.48405146535498855,-0.875477231956789,-0.23879914402342317,-9.397956935766503,4.265876884363914,-6.1221483027551615,118,0.1,0.5,37,0.9539737384891995,-0.5802448706081764,-0.47588304963447015,3.9805289935966788,-0.25972754203379617,0.29653083321181106,3982,cartesian+auto_shell,2.0,0.02580394104732174,0.0,0.0,0.0,4.0,0.01,2.0,0.008726646259971648,0.008726646259971648,0.01,0,1,timeout_no_capture,0,3982,3982,0,0,0,0,0,0,0.07805766321512746,0.04235457514263335,2.7106928091285343,0.07666522114910347,0.06082161614524238,3.8925834332955125,5.648047719751548,6.193649021364095,0,0,0,64.0,0.0055410959757864475,8.657962462166324e-05,0.2454005889594555,0.003834384202491492,0.25094168493524194,0.003920963827113155,zero_sum_capture,-1,-1,-1,-1,-1,-1,0.4235457514263335,0.6082161614524237
0,0,0,0,0,0,0.08190453437694875,0.02807080793994376,2.3018062510753885,0.08656765449327092,0.050114517456475716,4.109390431431009,82,1.0,0.0009550835553254455,0.0001713993238201992,0.14203320974323277,1.9720017785639294,0.73098848175444,0.8997530740967573,0.19836797142206314,1.2392153482093804,82,1.0,0.0012922730726042198,0.00018568376465142734,0.19903228734265832,1.7770634723442031,0.6732050419310974,0.8152779298668472,0.19739036467753338,1.218882659973885,1,6.759164425064878,7.2322666754417915,0,0,0,82,0.005556519026868045,6.776242715692738e-05,0.31288252293597907,0.0038156405236095007,0.3184390419628471,0.003883402950766428,zero_sum_capture,-1,-1,-1,-1,82,82,-1,-1,0.8190453437694875,0.28070807939943765,0.8656765449327091,0.501145174564757,-0.14435411614241556,-0.046059471846267463,0.32744706708070304,0.20896227577733859,14.305252765094457,-7.163524139280848,124,0.1,0.5,50,0.8438926506431392,-0.7614725379628191,0.5156643908779519,3.803660206842084,-5.7260114381772595,-4.092060854966508,4043,cartesian+auto_shell,2.0,0.025828835667120277,0.0,0.0,0.0,4.0,0.01,2.0,0.008726646259971648,0.008726646259971648,0.01,0,1,timeout_no_capture,0,4043,4043,0,0,0,0,0,0,0.08190453437694875,0.02807080793994376,2.3018062510753885,0.08656765449327092,0.050114517456475716,4.109390431431009,6.759164425064878,7.2322666754417915,0,0,0,82.0,0.005556519026868045,6.776242715692738e-05,0.31288252293597907,0.0038156405236095007,0.3184390419628471,0.003883402950766428,zero_sum_capture,-1,-1,-1,-1,-1,-1,0.28070807939943765,0.501145174564757
0,0,0,0,0,0,0.08566881557309987,0.048513441975821345,3.2018871704042087,0.08276356870987547,0.05835117391836104,3.8511774786118287,66,1.0,0.0008517730443457715,0.00017036361172917763,0.062375357314644386,0.9077751825663116,0.2916774867637588,0.36705891097078264,0.03750843497363339,1.4675892424927393,66,1.0,0.0007653280833193789,0.00019670576422022216,0.14095951084135472,1.5836162968963057,0.6436408587161939,0.833207307935188,0.033132498624879526,1.4488967299282556,1,4.587049405108422,4.756407735044371,0,0,0,66,0.005594621994532645,8.476699991716129e-05,0.25123865401837975,0.0038066462730057538,0.2568332760129124,0.003891413272922915,zero_sum_capture,-1,-1,-1,-1,66,66,-1,-1,0.8566881557309987,0.4851344197582134,0.8276356870987547,0.5835117391836104,0.04862646456153508,0.5799870531476392,0.8449547672170106,11.083263078769793,-4.415906323484403,1.2888176244095848,83,0.1,0.5,4,-0.8445595310387213,0.4558356919297446,0.21669347861418164,-3.5929203034184485,1.753673410699059,0.12471271743735177,4059,cartesian+auto_shell,2.0,0.02742353440256007,0.0,0.0,0.0,4.0,0.01,2.0,0.008726646259971648,0.008726646259971648,0.01,0,1,timeout_no_capture,0,4059,4059,0,0,0,0,0,0,0.08566881557309987,0.048513441975821345,3.2018871704042087,0.08276356870987547,0.05835117391836104,3.8511774786118287,4.587049405108422,4.756407735044371,0,0,0,66.0,0.005594621994532645,8.476699991716129e-05,0.25123865401837975,0.0038066462730057538,0.2568332760129124,0.003891413272922915,zero_sum_capture,-1,-1,-1,-1,-1,-1,0.4851344197582134,0.5835117391836104
0,0,0,0,0,0,0.08659647350935996,0.04332021835450339,2.989095066460734,0.08660126022729736,0.057442765621432704,3.9635508278788567,69,1.0,0.0006896935473564933,0.0001750021111784205,0.06955528230108884,2.3333118006431204,0.5131737578285608,0.8215801499361074,0.06907649860716641,0.9755534122347921,69,1.0,0.0009104836708217141,0.0001882481993135632,0.15019540193537015,1.7924241430818157,0.3940233965589749,0.6005010464341902,0.06868869965813279,0.9304995364879615,1,10.000450845575713,10.199612792679595,0,0,0,69,0.005610659951344132,8.131391233832076e-05,0.267144036013633,0.003871652695849754,0.27275469596497715,0.003952966608188074,zero_sum_capture,-1,-1,-1,-1,69,69,-1,-1,0.8659647350935996,0.4332021835450339,0.8660126022729735,0.574427656214327,-0.668958123216701,0.45224320633405846,0.5592478377579795,-13.0806736509811,-8.798382133617665,2.735772042288312,156,0.1,0.5,57,0.762713931672818,-0.8423945551094012,-0.8527174184913717,4.014376001183626,6.897573265587014,-0.5552192062422474,4085,cartesian+auto_shell,2.0,0.026166378199457205,0.0,0.0,0.0,4.0,0.01,2.0,0.008726646259971648,0.008726646259971648,0.01,0,1,timeout_no_capture,0,4085,4085,0,0,0,0,0,0,0.08659647350935996,0.04332021835450339,2.989095066460734,0.08660126022729736,0.057442765621432704,3.9635508278788567,10.000450845575713,10.199612792679595,0,0,0,69.0,0.005610659951344132,8.131391233832076e-05,0.267144036013633,0.003871652695849754,0.27275469596497715,0.003952966608188074,zero_sum_capture,-1,-1,-1,-1,-1,-1,0.4332021835450339,0.574427656214327
0,0,0,0,0,0,0.08659591808694794,0.05745493006924266,2.3556521328389493,0.08660179706925741,0.06289510496126428,2.5786993034118355,41,1.0,0.0006527922463567035,0.00018474445009248366,0.5169610830716335,1.4677666256025046,0.7643478987954547,0.8400109321565501,0.386871050194728,2.1698792321140834,41,1.0,0.0011071456919362402,0.00017759578369302924,0.053726105517785616,1.3976797350099452,0.35793803518463857,0.48655504815032735,0.3110899112794938,2.1072729969092836,1,8.206700663899095,9.03882694031902,0,0,0,41,0.0097817899659276,0.0002385802430714049,0.15704952296800911,0.003830476169951442,0.16683131293393672,0.0040690564130228465,zero_sum_capture,-1,-1,-1,-1,41,41,-1,-1,0.8659591808694794,0.5745493006924265,0.866017970692574,0.6289510496126427,-0.4874727170607356,-0.5221306337976421,0.6601176494307719,8.339462307208636,-5.973645924913575,6.226469528585991,80,0.1,0.5,6,-0.8206008513972907,-0.2819296939635296,-0.3685128118121943,-1.2228699119326878,2.8212817683676255,-2.5583116233106127,4114,cartesian+auto_shell,2.0,0.019443653092778505,0.0,0.0,0.0,4.0,0.01,2.0,0.008726646259971648,0.008726646259971648,0.01,0,1,timeout_no_capture,0,4114,4114,0,0,0,0,0,0,0.08659591808694794,0.05745493006924266,2.3556521328389493,0.08660179706925741,0.06289510496126428,2.5786993034118355,8.206700663899095,9.03882694031902,0,0,0,41.0,0.0097817899659276,0.0002385802430714049,0.15704952296800911,0.003830476169951442,0.16683131293393672,0.0040690564130228465,zero_sum_capture,-1,-1,-1,-1,-1,-1,0.5745493006924265,0.6289510496126427
0,0,0,0,0,0,0.08660077503024709,0.07275222003581724,2.328071041146152,0.08659579388589624,0.046354301332319846,1.483337642634235,32,1.0,0.0005077174724223817,0.0001254639038314322,0.9605117943316231,1.256483866131881,0.709082046084217,0.8030897538808064,0.9213805804361737,2.6711362946827495,32,1.0,0.0007021118508927442,0.00017971895135461744,0.3207786550602005,0.9915557463036316,0.4231301700849502,0.4735328246999846,0.8214815489376619,2.6119599463937226,1,13.796035033669312,13.629055629716628,0,0,0,32,0.005736132967285812,0.00017925415522768162,0.12310032697860152,0.0038468852180812974,0.12883645994588733,0.004026139373308979,zero_sum_capture,-1,-1,-1,-1,32,32,-1,-1,0.8660077503024708,0.7275222003581723,0.8659579388589623,0.46354301332319847,-0.6356703888317665,0.7824756487198126,0.08501995990353373,-5.3872195722862095,7.605968889507114,-13.004887640107711,127,0.1,0.5,39,-0.18454690207444657,-0.1337283855671818,-0.18026191994863794,3.236759918068028,-1.2731555594897532,1.9754645413493461,4140,cartesian+auto_shell,2.0,0.0275267017324409,0.0,0.0,0.0,4.0,0.01,2.0,0.008726646259971648,0.008726646259971648,0.01,0,1,timeout_no_capture,0,4140,4140,0,0,0,0,0,0,0.08660077503024709,0.07275222003581724,2.328071041146152,0.08659579388589624,0.046354301332319846,1.483337642634235,13.796035033669312,13.629055629716628,0,0,0,32.0,0.005736132967285812,0.00017925415522768162,0.12310032697860152,0.0038468852180812974,0.12883645994588733,0.004026139373308979,zero_sum_capture,-1,-1,-1,-1,-1,-1,0.7275222003581723,0.46354301332319847
0,0,0,0,0,0,0.08132047059630505,0.05052734076230063,1.4147655413444176,0.08660219108929881,0.07429328586860214,2.0802120043208596,28,1.0,0.0005735147312993084,0.0001359554922101413,0.48372499182326484,1.0538384855396146,0.43893684740422595,0.499376735747765,0.14753505945583384,1.6471405299104682,28,1.0,0.0009060988771702197,0.00018720866711955468,0.46326713767434374,1.3289332544614874,0.36364805484382645,0.4945582186288731,0.14217067798220914,1.5849258541681306,1,8.844975083088743,9.5754620512446,0,0,0,28,0.0055804100120440125,0.00019930035757300044,0.10958624293562025,0.003913794390557866,0.11516665294766426,0.004113094748130867,zero_sum_capture,-1,-1,-1,-1,28,28,-1,-1,0.8132047059630505,0.5052734076230063,0.8660219108929881,0.742932858686021,-0.4850660000612861,-0.6326845320226473,-0.9113920201424697,1.3692332925281858,6.665280462433438,9.884292415126918,98,0.1,0.5,13,0.6317841892781328,0.16227683442644425,0.35915470325536614,-0.23271321637681255,-3.034444826510424,-2.5957636937494293,4148,cartesian+auto_shell,2.0,0.030100978630797665,0.0,0.0,0.0,4.0,0.01,2.0,0.008726646259971648,0.008726646259971648,0.01,0,1,timeout_no_capture,0,4148,4148,0,0,0,0,0,0,0.08132047059630505,0.05052734076230063,1.4147655413444176,0.08660219108929881,0.07429328586860214,2.0802120043208596,8.844975083088743,9.5754620512446,0,0,0,28.0,0.0055804100120440125,0.00019930035757300044,0.10958624293562025,0.003913794390557866,0.11516665294766426,0.004113094748130867,zero_sum_capture,-1,-1,-1,-1,-1,-1,0.5052734076230063,0.742932858686021
0,0,0,0,0,0,0.08611705991162422,0.051798271221890846,2.693510103538324,0.07124912765842646,0.034361617967153986,1.7868041342920071,52,1.0,0.0006957454115581657,0.00014596674275221903,1.2425336183648363,1.557555564330468,0.9279796692345265,0.9990756771730298,1.3228748892252866,2.3823733587142515,52,1.0,0.000710000771562734,0.00019262369155913312,0.3090768237967337,1.2648569811782053,0.47980653815239105,0.559456772064291,1.1340026469347728,2.268825458223913,1,10.29314877585405,10.668695738138975,0,0,0,52,0.005598162999376655,0.00010765698075724336,0.19984530296642333,0.0038431789032004485,0.2054434659658,0.003950835883957692,zero_sum_capture,-1,-1,-1,-1,52,52,-1,-1,0.8611705991162422,0.5179827122189083,0.7124912765842646,0.34361617967153985,-0.18107613721681615,0.4314899108611989,0.5914983028628908,-13.856445507193317,5.679101939930104,-5.634422691107256,140,0.1,0.5,41,-0.9536319620556037,0.30804116738647536,-0.41057739202489985,6.831147650084087,0.10684275640414494,4.162211720726691,4185,cartesian+auto_shell,2.0,0.023245839515211888,0.0,0.0,0.0,4.0,0.01,2.0,0.008726646259971648,0.008726646259971648,0.01,0,1,timeout_no_capture,0,4185,4185,0,0,0,0,0,0,0.08611705991162422,0.051798271221890846,2.693510103538324,0.07124912765842646,0.034361617967153986,1.7868041342920071,10.29314877585405,10.668695738138975,0,0,0,52.0,0.005598162999376655,0.00010765698075724336,0.19984530296642333,0.0038431789032004485,0.2054434659658,0.003950835883957692,zero_sum_capture,-1,-1,-1,-1,-1,-1,0.5179827122189083,0.34361617967153985
0,0,0,0,0,0,0.08658404981641012,0.06647426498369655,2.459547804396772,0.08654503982133747,0.07276414737033352,2.69227345270234,37,1.0,0.0012066712208889053,0.00019665245893169081,0.07115056127467546,0.7444093249033085,0.22612615213024193,0.29559435691621383,0.06583685848710773,1.254669644414461,37,1.0,0.001173746671419647,0.0002260686552642699,0.42927655689773064,2.340154986044056,0.9707705300252821,1.154433136103845,0.059770429771363175,1.118793380602126,1,8.302023129997515,8.851820607734293,0,0,0,37,0.005597364041022956,0.00015128010921683667,0.14162900298833847,0.0038278108915767153,0.14722636702936143,0.003979091000793552,zero_sum_capture,-1,-1,-1,-1,37,37,-1,-1,0.8658404981641011,0.6647426498369654,0.8654503982133747,0.7276414737033352,-0.25717593166000086,-0.602130551483065,0.22419205024596578,-9.397956935766503,4.265876884363914,-6.1221483027551615,118,0.1,0.5,35,0.3530859277200089,-0.5250675254488897,-0.9096258573590705,2.8460593478799963,2.1971071307389205,1.7529022917439165,4212,cartesian+auto_shell,2.0,0.02277209028841853,0.0,0.0,0.0,4.0,0.01,2.0,0.008726646259971648,0.008726646259971648,0.01,0,1,timeout_no_capture,0,4212,4212,0,0,0,0,0,0,0.08658404981641012,0.06647426498369655,2.459547804396772,0.08654503982133747,0.07276414737033352,2.69227345270234,8.302023129997515,8.851820607734293,0,0,0,37.0,0.005597364041022956,0.00015128010921683667,0.14162900298833847,0.0038278108915767153,0.14722636702936143,0.003979091000793552,zero_sum_capture,-1,-1,-1,-1,-1,-1,0.6647426498369654,0.7276414737033352
0,0,0,0,0,0,0.08657715244716818,0.046479060293722146,1.905641472042608,0.08656193568105673,0.07015475714524003,2.876345042954841,41,1.0,0.0008735195235459717,0.0001737828706054404,0.19082074188782958,2.187496843479984,0.8984655773834207,1.0685015211593376,1.0042585979635215,2.500613289023763,41,1.0,0.0008933062205390557,0.00021510611873794318,0.06077523170538166,1.5151200263705342,0.28881252556202075,0.4095406364292628,0.74343392804546,1.992958872207894,1,6.750936523955072,6.691526902641026,0,0,0,41,0.005580800003372133,0.00013611707325297885,0.15641485492233187,0.0038149964615202896,0.161995654925704,0.003951113534773268,zero_sum_capture,-1,-1,-1,-1,41,41,-1,-1,0.8657715244716817,0.4647906029372215,0.8656193568105672,0.7015475714524002,0.4819753701696534,0.15204212089014457,0.04221269736167499,-10.631066422805295,2.1428716166972945,5.136976537639134,108,0.1,0.5,27,0.4321254419661431,0.02995731297605375,-0.8680601584498746,2.3084608217486458,3.2626403641915216,-0.16182239770741935,4278,cartesian+auto_shell,2.0,0.020285321003223424,0.0,0.0,0.0,4.0,0.01,2.0,0.008726646259971648,0.008726646259971648,0.01,0,1,timeout_no_capture,0,4278,4278,0,0,0,0,0,0,0.08657715244716818,0.046479060293722146,1.905641472042608,0.08656193568105673,0.07015475714524003,2.876345042954841,6.750936523955072,6.691526902641026,0,0,0,41.0,0.005580800003372133,0.00013611707325297885,0.15641485492233187,0.0038149964615202896,0.161995654925704,0.003951113534773268,zero_sum_capture,-1,-1,-1,-1,-1,-1,0.4647906029372215,0.7015475714524002
0,0,0,0,0,0,0.0864869433996136,0.06251356421097569,1.3752984126414651,0.08660251973079089,0.05091510712794014,1.120132356814683,22,1.0,0.0006610850845894409,0.0002029574235115054,1.3849967246785935,2.5629789424754374,1.2511327365167444,1.4101443401882732,2.119192887468485,3.4812919339683446,22,1.0,0.0006841137114535235,0.00018339998047219657,0.42175457458628535,0.7385102981553472,0.3110608711626016,0.35123597168421916,1.6624578290045737,3.3354365041916605,1,9.65944314485287,10.464946874259846,0,0,0,22,0.005601100041531026,0.0002545954564332285,0.08546169498004019,0.0038846224990927362,0.09106279502157122,0.0041392179555259645,zero_sum_capture,-1,-1,-1,-1,22,22,-1,-1,0.864869433996136,0.6251356421097568,0.8660251973079088,0.5091510712794013,-0.5241041090650429,0.12810126678388212,0.043826025265107704,7.894292152279853,5.724381374992813,6.993683527876289,93,0.1,0.5,13,-0.4600977149239387,0.7561785630472802,0.6249716688206715,-0.23271321637681255,-3.034444826510424,-2.5957636937494293,4288,cartesian+auto_shell,2.0,0.02481011875721416,0.0,0.0,0.0,4.0,0.01,2.0,0.008726646259971648,0.008726646259971648,0.01,0,1,timeout_no_capture,0,4288,4288,0,0,0,0,0,0,0.0864869433996136,0.06251356421097569,1.3752984126414651,0.08660251973079089,0.05091510712794014,1.120132356814683,9.65944314485287,10.464946874259846,0,0,0,22.0,0.005601100041531026,0.0002545954564332285,0.08546169498004019,0.0038846224990927362,0.09106279502157122,0.0041392179555259645,zero_sum_capture,-1,-1,-1,-1,-1,-1,0.6251356421097568,0.5091510712794013
0,0,0,0,0,0,0.0859806277658134,0.0669276062327106,2.2086110056794497,0.0863738763190362,0.07956566877327742,2.6256670695181548,33,1.0,0.0006147517719687857,0.00017849541922788754,0.20253722918432043,1.1931790421444746,0.49062453279565393,0.5920764687657143,0.09562710401375166,1.6574253488658985,33,1.0,0.000789597463512027,0.00021431438548294532,0.46759544779113266,1.0070015027209036,0.427020763731334,0.48903518349839753,0.08164850849521055,1.6834977766089916,1,11.28335506615523,11.321642070472047,0,0,0,33,0.005761198000982404,0.0001745817576055274,0.12556313106324524,0.003804943365552886,0.13132432906422764,0.003979525123158413,zero_sum_capture,-1,-1,-1,-1,33,33,-1,-1,0.859806277658134,0.6692760623271059,0.8637387631903619,0.7956566877327742,-0.9431600204350883,-0.7463253637734673,-0.32655484999255036,-10.631066422805295,2.1428716166972945,5.136976537639134,108,0.1,0.5,22,0.741708341146516,-0.6084864879556764,-0.937913646240446,0.36105385845881394,3.8338326178768405,1.0822973571970032,4320,cartesian+auto_shell,2.0,0.02820193467853785,0.0,0.0,0.0,4.0,0.01,2.0,0.008726646259971648,0.008726646259971648,0.01,0,1,timeout_no_capture,0,4320,4320,0,0,0,0,0,0,0.0859806277658134,0.0669276062327106,2.2086110056794497,0.0863738763190362,0.07956566877327742,2.6256670695181548,11.28335506615523,11.321642070472047,0,0,0,33.0,0.005761198000982404,0.0001745817576055274,0.12556313106324524,0.003804943365552886,0.13132432906422764,0.003979525123158413,zero_sum_capture,-1,-1,-1,-1,-1,-1,0.6692760623271059,0.7956566877327742
0,0,0,0,0,0,0.08659282145120534,0.049702083172012225,3.330039572524819,0.08203863426941604,0.055888765224450326,3.7445472700381717,67,1.0,0.0008302021798800531,0.00014556358835526536,0.41546837454086666,1.9273754606112412,0.565405034742102,0.6947101366771574,0.19148081191446134,1.0486200309865137,67,1.0,0.0009584869521478718,0.00017265901564351578,0.08647598745557902,0.8789115457911677,0.2413675211818534,0.29306596401654694,0.1870020718874711,1.0062465723986205,1,9.007403178768191,8.681009855391927,0,0,0,67,0.005574785987846553,8.320576101263512e-05,0.25588881701696664,0.0038192360748800992,0.2614636030048132,0.0039024418358927344,zero_sum_capture,-1,-1,-1,-1,67,67,-1,-1,0.8659282145120534,0.49702083172012207,0.8203863426941604,0.5588876522445031,0.306646893388165,0.5028055625136201,-0.7388226422181865,6.5609422739185375,12.27700663777543,7.888545144342314,134,0.1,0.5,26,-0.1377667558324034,-0.9383021046751137,0.4676208446332355,1.4986103315690484,-3.661957834622831,-0.5867127845538833,4362,cartesian+auto_shell,2.0,0.02492383257670561,0.0,0.0,0.0,4.0,0.01,2.0,0.008726646259971648,0.008726646259971648,0.01,0,1,timeout_no_capture,0,4362,4362,0,0,0,0,0,0,0.08659282145120534,0.049702083172012225,3.330039572524819,0.08203863426941604,0.055888765224450326,3.7445472700381717,9.007403178768191,8.681009855391927,0,0,0,67.0,0.005574785987846553,8.320576101263512e-05,0.25588881701696664,0.0038192360748800992,0.2614636030048132,0.0039024418358927344,zero_sum_capture,-1,-1,-1,-1,-1,-1,0.49702083172012207,0.5588876522445031
0,0,0,0,0,0,0.08648391149473109,0.07058192037963493,2.1880395317686827,0.08659765397688143,0.07545371461039237,2.3390651529221635,31,1.0,0.0005067745669594291,0.00014732948832644493,0.22034829199260159,1.2627435718652273,0.5036640184717748,0.6184108401880081,0.14529455634080887,1.8516256160162272,31,1.0,0.0004682583587990354,0.00014823909967974508,0.2150276635983649,2.0203142918452737,0.9645675932115033,1.1304182424437945,0.16553229578565132,1.868902436225504,1,11.793442791902958,12.65057133482231,0,0,0,31,0.005700104986317456,0.0001838743543973373,0.1186206170823425,0.0038264715187852423,0.12432072206865996,0.004010345873182579,zero_sum_capture,-1,-1,-1,-1,31,31,-1,-1,0.8648391149473108,0.705819203796349,0.8659765397688143,0.7545371461039235,-0.7895552425932226,0.1341026908223708,-0.46252557552667195,-8.414059848166305,-3.248927160170804,-7.915053327639688,110,0.1,0.5,33,0.6722453837457976,0.6889743998598732,-0.34539147177242113,0.672464705714135,0.09027782315868882,3.942035151316453,4369,cartesian+auto_shell,2.0,0.026130592391415512,0.0,0.0,0.0,4.0,0.01,2.0,0.008726646259971648,0.008726646259971648,0.01,0,1,timeout_no_capture,0,4369,4369,0,0,0,0,0,0,0.08648391149473109,0.07058192037963493,2.1880395317686827,0.08659765397688143,0.07545371461039237,2.3390651529221635,11.793442791902958,12.65057133482231,0,0,0,31.0,0.005700104986317456,0.0001838743543973373,0.1186206170823425,0.0038264715187852423,0.12432072206865996,0.004010345873182579,zero_sum_capture,-1,-1,-1,-1,-1,-1,0.705819203796349,0.7545371461039235
0,0,0,0,0,0,0.0860198712512854,0.07960576081852022,1.7513267380074449,0.08659877746175605,0.07473780258657493,1.6442316569046485,22,1.0,0.0005749837500045867,0.00020022968384633965,0.17898909508073843,1.6853828833627036,0.6465085022692476,0.8462721238444155,0.11292416589899958,1.728988642527368,22,1.0,0.0006059163108327926,0.00022504857462501737,0.2951290301664009,1.2197140220854747,0.4235587128342364,0.5355232204872925,0.11339248362095669,1.6759874534272634,1,10.630345096270814,11.177504091148197,0,0,0,22,0.005571280024014413,0.00025324000109156424,0.08482067100703716,0.0038554850457744165,0.09039195103105158,0.00410872504686598,zero_sum_capture,-1,-1,-1,-1,22,22,-1,-1,0.860198712512854,0.7960576081852021,0.8659877746175605,0.7473780258657492,-0.7148454500099273,0.5510424484960703,0.6250646425617579,-6.440050662903671,-9.275660370547971,4.060526092697822,92,0.1,0.5,22,0.41891693355394355,-0.9465434136841895,-0.858748390980419,0.36105385845881394,3.8338326178768405,1.0822973571970032,4374,cartesian+auto_shell,2.0,0.021241476154172986,0.0,0.0,0.0,4.0,0.01,2.0,0.008726646259971648,0.008726646259971648,0.01,0,1,timeout_no_capture,0,4374,4374,0,0,0,0,0,0,0.0860198712512854,0.07960576081852022,1.7513267380074449,0.08659877746175605,0.07473780258657493,1.6442316569046485,10.630345096270814,11.177504091148197,0,0,0,22.0,0.005571280024014413,0.00025324000109156424,0.08482067100703716,0.0038554850457744165,0.09039195103105158,0.00410872504686598,zero_sum_capture,-1,-1,-1,-1,-1,-1,0.7960576081852021,0.7473780258657492
0,0,0,0,0,0,0.08637166813816635,0.030262220230235247,2.784124261181643,0.08587387920210858,0.05150240490838426,4.7382212515713515,92,1.0,0.00088164788388243,0.00016443007221915302,0.07987533262162733,1.383711831017595,0.7558367509185466,0.8532941530970242,0.10771387327505867,1.4376009239482614,92,1.0,0.0006896141127894792,0.00016439104963193358,0.16974655458081933,1.0034818660515554,0.3781948052556788,0.4216926102670205,0.09828425793519642,1.2901010665788863,1,3.760628242732928,4.341642075946176,0,0,0,92,0.005566632025875151,6.050686984646904e-05,0.35201988997869194,0.0038263031519423034,0.3575865220045671,0.0038868100217887727,zero_sum_capture,-1,-1,-1,-1,92,92,-1,-1,0.8637166813816635,0.30262220230235254,0.8587387920210857,0.5150240490838425,0.32386176779052733,-0.6071525780401377,-0.3049715395345267,0.20896227577733859,14.305252765094457,-7.163524139280848,124,0.1,0.5,53,-0.263776056968293,-0.9465926502761102,-0.4782675758498014,-0.3033703499794401,-7.975676740477009,0.5445612565794621,4409,cartesian+auto_shell,2.0,0.02673129054017729,0.0,0.0,0.0,4.0,0.01,2.0,0.008726646259971648,0.008726646259971648,0.01,0,1,timeout_no_capture,0,4409,4409,0,0,0,0,0,0,0.08637166813816635,0.030262220230235247,2.784124261181643,0.08587387920210858,0.05150240490838426,4.7382212515713515,3.760628242732928,4.341642075946176,0,0,0,92.0,0.005566632025875151,6.050686984646904e-05,0.35201988997869194,0.0038263031519423034,0.3575865220045671,0.0038868100217887727,zero_sum_capture,-1,-1,-1,-1,-1,-1,0.30262220230235254,0.5150240490838425
0,0,0,0,0,0,0.07403956484822426,0.04943580539690922,1.7302531888918227,0.08654893099997188,0.0710689352710375,2.4874127344863126,35,1.0,0.0007989595571679748,0.00019199716488369623,0.029037461587876515,1.4628032819052097,0.6908410546159934,0.7638880260184993,0.7016824539932299,2.833182240720997,35,1.0,0.0011788762006233768,0.0001610731426475347,0.1981594497226198,1.1405262144887012,0.44286824810154707,0.5391396952684253,0.514157855671972,2.745313759973368,1,8.286874173009473,8.502099171122556,0,0,0,35,0.0057171660009771585,0.0001633476000279188,0.13378128095064312,0.003822322312875518,0.13949844695162028,0.003985669912903437,zero_sum_capture,-1,-1,-1,-1,35,35,-1,-1,0.7403956484822426,0.4943580539690921,0.8654893099997187,0.7106893527103749,-0.28042770454116095,0.40258028627828146,-0.31867591101922654,11.509161226145748,1.5740752471485435,3.0102317164792405,88,0.1,0.5,5,-0.07193478184595925,-0.021871139012467955,0.3781878430948651,-2.3115799985927996,-2.378838206241749,-2.235559594068171,4421,cartesian+auto_shell,2.0,0.022368142298703195,0.0,0.0,0.0,4.0,0.01,2.0,0.008726646259971648,0.008726646259971648,0.01,0,1,timeout_no_capture,0,4421,4421,0,0,0,0,0,0,0.07403956484822426,0.04943580539690922,1.7302531888918227,0.08654893099997188,0.0710689352710375,2.4874127344863126,8.286874173009473,8.502099171122556,0,0,0,35.0,0.0057171660009771585,0.0001633476000279188,0.13378128095064312,0.003822322312875518,0.13949844695162028,0.003985669912903437,zero_sum_capture,-1,-1,-1,-1,-1,-1,0.4943580539690921,0.7106893527103749
0,0,0,0,0,0,0.08565258493621784,0.051133702851094885,1.9942144111927005,0.08455347603242497,0.06507791356956935,2.538038629213205,39,1.0,0.0007123626949372284,0.00020623339727299453,0.5457087745601051,1.443802121406055,0.5682428114255942,0.6502694581928374,0.14329554867328428,1.6168044826286738,39,1.0,0.0008257256448094066,0.00015823532543021533,0.6214961870548894,2.129407313509426,0.42892616232279535,0.5783746312718007,0.13248637358126064,1.5761769037961977,1,11.297940570011203,11.796264132170956,0,0,0,39,0.005607139901258051,0.00014377281798097567,0.14893184404354542,0.00381876523188578,0.15453898394480348,0.0039625380498667555,zero_sum_capture,-1,-1,-1,-1,39,39,-1,-1,0.8565258493621783,0.5113370285109488,0.8455347603242497,0.6507791356956937,0.8980825359100362,-0.13461171426985774,0.5108147108191441,-1.905617118173968,-3.703874908753073,-15.448298743202498,130,0.1,0.5,38,-0.1305466682389731,-0.09254611767853316,0.31145796238805357,2.5191296739895077,0.586991067592072,3.0511353906689607,4424,cartesian+auto_shell,2.0,0.02101760525436079,0.0,0.0,0.0,4.0,0.01,2.0,0.008726646259971648,0.008726646259971648,0.01,0,1,timeout_no_capture,0,4424,4424,0,0,0,0,0,0,0.08565258493621784,0.051133702851094885,1.9942144111927005,0.08455347603242497,0.06507791356956935,2.538038629213205,11.297940570011203,11.796264132170956,0,0,0,39.0,0.005607139901258051,0.00014377281798097567,0.14893184404354542,0.00381876523188578,0.15453898394480348,0.0039625380498667555,zero_sum_capture,-1,-1,-1,-1,-1,-1,0.5113370285109488,0.6507791356956937
0,0,0,0,0,0,0.08354372370993918,0.04250265114652293,1.6576033947143942,0.08660038446679168,0.07457504864076246,2.908426896989736,39,1.0,0.0018424576736597532,0.00022045506467647318,0.17020310687977394,2.302188255893649,1.0438848918116153,1.2427429285032559,0.2091186850813726,2.513311734807121,39,1.0,0.0009005123062730912,0.00018762062889619418,0.04423873967215146,1.6402486584157268,0.661102093612074,0.7871853527561298,0.2131757648018583,2.4731806939983745,1,10.957377016055537,11.651303732997537,0,0,0,39,0.005705661023966968,0.00014629900061453765,0.14979953493457288,0.003841013716271099,0.15550519595853984,0.003987312716885637,zero_sum_capture,-1,-1,-1,-1,39,39,-1,-1,0.8354372370993918,0.42502651146522924,0.8660038446679167,0.7457504864076249,0.6283825219837653,0.24915689946786612,-0.1462896880653206,-15.284349087179383,0.5982744709349291,4.6936915789883695,153,0.1,0.5,32,0.21166768784971568,0.34794864853171514,-0.28272941741970925,3.6301639496093876,1.5421811498174707,-0.6660232729447424,4469,cartesian+auto_shell,2.0,0.027207511729717738,0.0,0.0,0.0,4.0,0.01,2.0,0.008726646259971648,0.008726646259971648,0.01,0,1,timeout_no_capture,0,4469,4469,0,0,0,0,0,0,0.08354372370993918,0.04250265114652293,1.6576033947143942,0.08660038446679168,0.07457504864076246,2.908426896989736,10.957377016055537,11.651303732997537,0,0,0,39.0,0.005705661023966968,0.00014629900061453765,0.14979953493457288,0.003841013716271099,0.15550519595853984,0.003987312716885637,zero_sum_capture,-1,-1,-1,-1,-1,-1,0.42502651146522924,0.7457504864076249
0,0,0,0,0,0,0.08489563625668506,0.047653274652684194,2.6209301058976306,0.0804231645158763,0.0485026118377744,2.667643651077592,55,1.0,0.0008440071513061586,0.00019900483932310846,0.7071724011454865,2.2162002812183177,1.4409959421901226,1.5167491866032379,0.993936554905043,2.522979432630985,55,1.0,0.0009027927960792339,0.00019322325818697225,0.4226555544982051,1.0655695835666672,0.28359265993312227,0.3765958516043758,0.9105339770744947,2.337504578526945,1,9.065168767657305,9.872006144363809,0,0,0,55,0.005521807004697621,0.0001003964909945022,0.21214788290672004,0.003857234234667637,0.21766968991141766,0.003957630725662139,zero_sum_capture,-1,-1,-1,-1,55,55,-1,-1,0.8489563625668505,0.4765327465268419,0.804231645158763,0.48502611837774395,0.14928400284558552,0.24496414479109618,0.8356845844412633,-13.856445507193317,5.679101939930104,-5.634422691107256,140,0.1,0.5,41,-0.4368602501876311,0.7314899881548491,0.029474447639568968,6.831147650084087,0.10684275640414494,4.162211720726691,4495,cartesian+auto_shell,2.0,0.02546822173954655,0.0,0.0,0.0,4.0,0.01,2.0,0.008726646259971648,0.008726646259971648,0.01,0,1,timeout_no_capture,0,4495,4495,0,0,0,0,0,0,0.08489563625668506,0.047653274652684194,2.6209301058976306,0.0804231645158763,0.0485026118377744,2.667643651077592,9.065168767657305,9.872006144363809,0,0,0,55.0,0.005521807004697621,0.0001003964909945022,0.21214788290672004,0.003857234234667637,0.21766968991141766,0.003957630725662139,zero_sum_capture,-1,-1,-1,-1,-1,-1,0.4765327465268419,0.48502611837774395
0,0,0,0,0,0,0.08652237447940204,0.0798952271466289,1.757694997225836,0.08658234791044563,0.06176477211748495,1.3588249865846689,22,1.0,0.0007334257039157499,0.00024627357668200096,0.2712137762113252,1.86037607116134,0.6306144947520957,0.7810680124134579,0.8091281106620731,2.607436295661063,22,1.0,0.001037881062013378,0.00020088130706727,0.929649179407136,1.9258571694241655,1.162997381745745,1.2481677708460945,1.0907462298384836,3.0096518124754392,1,16.000000252098463,17.15733127457085,0,0,0,22,0.00561315193772316,0.00025514326989650726,0.08447922999039292,0.003839964999563315,0.09009238192811608,0.004095108269459822,zero_sum_capture,-1,-1,-1,-1,0,22,-1,-1,0.8652237447940204,0.798952271466289,0.8658234791044562,0.6176477211748496,0.8259283719478099,0.1557902456485487,0.8808277412997096,11.394901946482545,-5.42112311385982,9.837054122775939,144,0.1,0.5,3,0.283158951346441,-0.8478884643267752,0.9457802562314286,-1.4918480457690548,0.6343422293526606,-3.656774445381468,4528,cartesian+auto_shell,2.0,0.02222277327269866,0.0,0.0,0.0,4.0,0.01,2.0,0.008726646259971648,0.008726646259971648,0.01,0,1,timeout_no_capture,0,4528,4528,0,0,0,0,0,0,0.08652237447940204,0.0798952271466289,1.757694997225836,0.08658234791044563,0.06176477211748495,1.3588249865846689,16.000000252098463,17.15733127457085,0,0,0,22.0,0.00561315193772316,0.00025514326989650726,0.08447922999039292,0.003839964999563315,0.09009238192811608,0.004095108269459822,zero_sum_capture,-1,-1,-1,-1,-1,-1,0.798952271466289,0.6176477211748496
0,0,0,0,0,0,0.08595985562356717,0.024776603435590776,2.106011292025216,0.08365124741232112,0.04536955643493024,3.856412296969071,85,1.0,0.00094366239798239,0.0001637239433385965,1.6253481186281853,2.202897111455506,1.437900359442297,1.5295412524085878,0.3780909331840718,1.4937650597541092,85,1.0,0.0008482463788701459,0.00017307829654656054,0.8270467889362166,0.9322536680208697,0.3680202199249624,0.4282831542895993,0.30906851722009077,1.4117893600428155,1,4.238677947671607,4.708755802833111,0,0,0,85,0.005553788971155882,6.533869377830449e-05,0.32559124496765435,0.0038304852349135806,0.33114503393881023,0.003895823928691885,zero_sum_capture,-1,-1,-1,-1,85,85,-1,-1,0.8595985562356716,0.24776603435590774,0.8365124741232112,0.4536955643493026,0.5917583729984097,-0.5141866629359051,0.7679012028951127,-12.869683418776644,8.866778137284731,3.4280452395840797,145,0.1,0.5,44,0.8683600942407474,-0.8847348781519211,-0.7282888466916269,7.678026374205211,2.161626450799387,0.6126027131948074,4606,cartesian+auto_shell,2.0,0.02435847656570401,0.0,0.0,0.0,4.0,0.01,2.0,0.008726646259971648,0.008726646259971648,0.01,0,1,timeout_no_capture,0,4606,4606,0,0,0,0,0,0,0.08595985562356717,0.024776603435590776,2.106011292025216,0.08365124741232112,0.04536955643493024,3.856412296969071,4.238677947671607,4.708755802833111,0,0,0,85.0,0.005553788971155882,6.533869377830449e-05,0.32559124496765435,0.0038304852349135806,0.33114503393881023,0.003895823928691885,zero_sum_capture,-1,-1,-1,-1,-1,-1,0.24776603435590774,0.4536955643493026
0,0,0,0,0,0,0.07701756564773837,0.04390348927537352,2.4146919101455437,0.08525247692711228,0.06698719347167156,3.684295640941936,55,1.0,0.0009440901995176665,0.00020683774722684837,0.08205239907323139,1.5634814548779146,0.4905454379107829,0.63622133243967,0.055651946721949244,1.7411357992579877,55,1.0,0.0006440375789104852,0.00013964292940977537,0.08813160906470947,1.7930619819690499,0.6238771654585952,0.8200591672917149,0.060036498646806866,1.9073101042575011,1,5.33051244652836,5.8803168751961,0,0,0,55,0.00558395404368639,0.00010152643715793437,0.20950692798942327,0.0038092168725349686,0.21509088203310966,0.003910743309692903,zero_sum_capture,-1,-1,-1,-1,55,55,-1,-1,0.7701756564773836,0.4390348927537352,0.8525247692711228,0.6698719347167156,-0.5450490491322402,-0.25625693798369364,-0.5067518131387194,11.083263078769793,-4.415906323484403,1.2888176244095848,83,0.1,0.5,17,-0.9625991122318207,-0.45451738683856524,0.2522507651885917,-1.6436879909112274,2.9511063117849465,2.142256129662665,4609,cartesian+auto_shell,2.0,0.021952926065642277,0.0,0.0,0.0,4.0,0.01,2.0,0.008726646259971648,0.008726646259971648,0.01,0,1,timeout_no_capture,0,4609,4609,0,0,0,0,0,0,0.07701756564773837,0.04390348927537352,2.4146919101455437,0.08525247692711228,0.06698719347167156,3.684295640941936,5.33051244652836,5.8803168751961,0,0,0,55.0,0.00558395404368639,0.00010152643715793437,0.20950692798942327,0.0038092168725349686,0.21509088203310966,0.003910743309692903,zero_sum_capture,-1,-1,-1,-1,-1,-1,0.4390348927537352,0.6698719347167156
0,0,0,0,0,0,0.07589389398777613,0.0495125793642541,1.485377380927623,0.08658828196165438,0.06793610064485277,2.0380830193455832,30,1.0,0.0007120938952390655,0.00015180294776042673,0.03197671401906208,1.2525134353539702,0.5073868653061602,0.6132521401216379,0.4904631384304111,2.8642066316476438,30,1.0,0.0007091343119087974,0.00017125289971605239,0.19934435095766706,1.1413389134774083,0.3302298469275628,0.4225076733653205,0.4906577074125955,2.809507820658065,1,13.732856715430184,14.080502840954539,0,0,0,30,0.005613737972453237,0.00018712459908177455,0.11603176908101887,0.0038677256360339623,0.1216455070534721,0.004054850235115736,zero_sum_capture,-1,-1,-1,-1,30,30,-1,-1,0.7589389398777612,0.49512579364254106,0.8658828196165438,0.6793610064485276,-0.3933013490727397,0.07466647024631201,-0.20220835020650596,6.852969655382398,-12.877207568904486,6.573760881699078,149,0.1,0.5,14,-0.9248487787415078,-0.6946476855146853,0.013066166472467389,-0.23358233584262192,3.882052870426716,-0.93547036489351,4611,cartesian+auto_shell,2.0,0.026657379004673104,0.0,0.0,0.0,4.0,0.01,2.0,0.008726646259971648,0.008726646259971648,0.01,0,1,timeout_no_capture,0,4611,4611,0,0,0,0,0,0,0.07589389398777613,0.0495125793642541,1.485377380927623,0.08658828196165438,0.06793610064485277,2.0380830193455832,13.732856715430184,14.080502840954539,0,0,0,30.0,0.005613737972453237,0.00018712459908177455,0.11603176908101887,0.0038677256360339623,0.1216455070534721,0.004054850235115736,zero_sum_capture,-1,-1,-1,-1,-1,-1,0.49512579364254106,0.6793610064485276
0,0,0,0,0,0,0.08657332654066076,0.03648047649781993,2.2617895428648356,0.08659731510119739,0.0411678521756639,2.5524068348911615,62,1.0,0.0007310682653801064,0.0001813359473095012,0.14573216127285954,1.3077136638783657,0.35227265109857003,0.44900797629414113,0.14569599013199083,1.4772685353190314,62,1.0,0.0018162828006403177,0.0001818626599771717,0.36620698286940345,1.8056928021264627,0.6296587260141843,0.7876457119931962,0.14831910283221741,1.5826773206877305,1,9.62012642966405,10.561955742970504,0,0,0,62,0.005657811998389661,9.125503223209131e-05,0.2390043130144477,0.0038549082744265754,0.24466212501283735,0.003946163306658667,zero_sum_capture,-1,-1,-1,-1,62,62,-1,-1,0.8657332654066076,0.36480476497819925,0.8659731510119739,0.4116785217566389,-0.8719644752340721,0.23280797710696177,0.3598963954805079,-10.364928205174307,-7.572775559190359,-9.550986003115659,143,0.1,0.5,49,0.13019018483528644,0.08337357185953809,0.6284145217274852,5.539592779280895,4.9794944094283595,2.918483727247885,4624,cartesian+auto_shell,2.0,0.026870984001415122,0.0,0.0,0.0,4.0,0.01,2.0,0.008726646259971648,0.008726646259971648,0.01,0,1,timeout_no_capture,0,4624,4624,0,0,0,0,0,0,0.08657332654066076,0.03648047649781993,2.2617895428648356,0.08659731510119739,0.0411678521756639,2.5524068348911615,9.62012642966405,10.561955742970504,0,0,0,62.0,0.005657811998389661,9.125503223209131e-05,0.2390043130144477,0.0038549082744265754,0.24466212501283735,0.003946163306658667,zero_sum_capture,-1,-1,-1,-1,-1,-1,0.36480476497819925,0.4116785217566389
0,0,0,0,0,0,0.08659708442875427,0.08587259714813393,2.0609423315552142,0.08574285244968259,0.06832126521148722,1.6397103650756932,24,1.0,0.000662249862579359,0.0001799190997714604,1.0729593772587847,2.704028463208013,1.479466323798012,1.6123308217548955,0.4987267210030043,1.8422120479653148,24,1.0,0.0008217189836188815,0.00020180884710016794,0.023064715293295693,0.9621048078804812,0.20517058777716174,0.30430594300668273,0.4214514878047307,1.8000879799199854,1,15.625404302618762,16.007980197392442,0,0,0,24,0.005608579958789051,0.00023369083161621043,0.09247293998487294,0.0038530391660363725,0.09808151994366199,0.004086729997652583,zero_sum_capture,-1,-1,-1,-1,24,24,-1,-1,0.8659708442875427,0.8587259714813392,0.8574285244968258,0.6832126521148721,0.5912309385446439,0.6708817793153243,-0.4076170148853806,2.2455448879404853,5.0647301833225775,-15.010197744413151,122,0.1,0.5,36,-0.9608517456005874,0.8516557056889049,-0.5375464260236966,1.7380466738722042,-1.9366954211022591,3.0378289295685015,4657,cartesian+auto_shell,2.0,0.026007322692112627,0.0,0.0,0.0,4.0,0.01,2.0,0.008726646259971648,0.008726646259971648,0.01,0,1,timeout_no_capture,0,4657,4657,0,0,0,0,0,0,0.08659708442875427,0.08587259714813393,2.0609423315552142,0.08574285244968259,0.06832126521148722,1.6397103650756932,15.625404302618762,16.007980197392442,0,0,0,24.0,0.005608579958789051,0.00023369083161621043,0.09247293998487294,0.0038530391660363725,0.09808151994366199,0.004086729997652583,zero_sum_capture,-1,-1,-1,-1,-1,-1,0.8587259714813392,0.6832126521148721
0,0,0,0,0,0,0.08370613089200751,0.03961922530990464,1.862103589565518,0.08660234250519827,0.07140040418208031,3.3558189965577743,47,1.0,0.00045590657884917075,0.00013319373449461794,0.7445244788276956,1.0454602022507644,0.4263711928496765,0.5033204699837953,0.22422968967328671,1.8019679062391916,47,1.0,0.0005027424083566802,0.0001531096879260637,0.22327163270181713,1.1093771649361932,0.4170801551482161,0.49671411973915497,0.2218357717956403,1.8265704646751342,1,10.365916264574338,10.705055013550078,0,0,0,47,0.00558617094065994,0.00011885470086510511,0.18031197402160615,0.0038364249791831093,0.1858981449622661,0.003955279680048215,zero_sum_capture,-1,-1,-1,-1,47,47,-1,-1,0.8370613089200751,0.39619225309904643,0.8660234250519826,0.714004041820803,0.07169106065770436,0.37073790372557425,-0.09859050143674608,-10.364928205174307,-7.572775559190359,-9.550986003115659,143,0.1,0.5,35,0.2638896769197143,0.3858590640228008,0.8790863070798001,2.8460593478799963,2.1971071307389205,1.7529022917439165,4699,cartesian+auto_shell,2.0,0.029275048485028578,0.0,0.0,0.0,4.0,0.01,2.0,0.008726646259971648,0.008726646259971648,0.01,0,1,timeout_no_capture,0,4699,4699,0,0,0,0,0,0,0.08370613089200751,0.03961922530990464,1.862103589565518,0.08660234250519827,0.07140040418208031,3.3558189965577743,10.365916264574338,10.705055013550078,0,0,0,47.0,0.00558617094065994,0.00011885470086510511,0.18031197402160615,0.0038364249791831093,0.1858981449622661,0.003955279680048215,zero_sum_capture,-1,-1,-1,-1,-1,-1,0.39619225309904643,0.714004041820803
0,0,0,0,0,0,0.08643519666686861,0.06639067235869378,2.45645487727167,0.08513730978694446,0.0697248660121613,2.5798200424499678,37,1.0,0.0007097798994981716,0.000172111141569007,0.3151262980643925,1.3274398469393782,0.4228920416060844,0.5563349846979482,0.08420900859773144,1.629288834921894,37,1.0,0.0006022869743594346,0.00017317480471238509,0.12849797350203523,0.9285309811679536,0.2891948803801152,0.35783780318912367,0.08883669055884982,1.5840285735901882,1,9.517529311611629,10.045849009668448,0,0,0,37,0.005620039999485016,0.00015189297295905449,0.14065616100560874,0.0038015178650164525,0.14627620100509375,0.003953410837975507,zero_sum_capture,-1,-1,-1,-1,37,37,-1,-1,0.8643519666686861,0.6639067235869378,0.8513730978694446,0.6972486601216128,0.252386453310498,-0.6033101991656495,0.6270306554353933,11.509161226145748,1.5740752471485435,3.0102317164792405,88,0.1,0.5,10,-0.3554360067350242,0.3389832766673244,-0.3499512030168104,-2.517458915912059,-3.1004658500295883,-0.2225131894858756,4754,cartesian+auto_shell,2.0,0.025846322578406168,0.0,0.0,0.0,4.0,0.01,2.0,0.008726646259971648,0.008726646259971648,0.01,0,1,timeout_no_capture,0,4754,4754,0,0,0,0,0,0,0.08643519666686861,0.06639067235869378,2.45645487727167,0.08513730978694446,0.0697248660121613,2.5798200424499678,9.517529311611629,10.045849009668448,0,0,0,37.0,0.005620039999485016,0.00015189297295905449,0.14065616100560874,0.0038015178650164525,0.14627620100509375,0.003953410837975507,zero_sum_capture,-1,-1,-1,-1,-1,-1,0.6639067235869378,0.6972486601216128
0,0,0,0,0,0,0.08591573202679015,0.04904094151547566,1.4221873039487942,0.08062117281050106,0.052865380620015806,1.5330960379804583,29,1.0,0.0009264703781977926,0.0002167890550759379,0.5258565538104105,1.818645889384554,0.7490575351565926,0.8317998659089291,0.20408403368628336,1.9525134034105556,29,1.0,0.0006076228955473007,0.00014958856849982272,0.5166158381200632,1.9790546253290267,0.7764648197455036,0.9189764900960576,0.2001391357552228,2.0698623957584625,1,8.810182648328388,9.440908908616457,0,0,0,29,0.005584766971878707,0.00019257817144409335,0.11258934799116105,0.003882391310040036,0.11817411496303976,0.00407496948148413,zero_sum_capture,-1,-1,-1,-1,29,29,-1,-1,0.8591573202679014,0.4904094151547566,0.8062117281050105,0.528653806200158,-0.9821679646767427,-0.8894707794736942,0.002594482802970255,11.083263078769793,-4.415906323484403,1.2888176244095848,83,0.1,0.5,4,0.3520912811462529,-0.8562293983934759,-0.45753412426207873,-3.5929203034184485,1.753673410699059,0.12471271743735177,4779,cartesian+auto_shell,2.0,0.025502558656587054,0.0,0.0,0.0,4.0,0.01,2.0,0.008726646259971648,0.008726646259971648,0.01,0,1,timeout_no_capture,0,4779,4779,0,0,0,0,0,0,0.08591573202679015,0.04904094151547566,1.4221873039487942,0.08062117281050106,0.052865380620015806,1.5330960379804583,8.810182648328388,9.440908908616457,0,0,0,29.0,0.005584766971878707,0.00019257817144409335,0.11258934799116105,0.003882391310040036,0.11817411496303976,0.00407496948148413,zero_sum_capture,-1,-1,-1,-1,-1,-1,0.4904094151547566,0.528653806200158
